# Fix pass L7: each clip's RMS at 50 Hz (x1000), by clip name; written by Tools/sfx/build_sfx.py for the Effects compressor.
autocannon_1 270 403 117 264 31 27 30 20 46 27 15 15 18 18 18 22 17 22 26 26 22 22 19 20 18 12 11 9 6 6 3 2 1 0
autocannon_2 265 396 116 262 32 27 29 216 401 185 268 42 33 32 202 398 211 271 86 38 40 34 30 51 25 23 19 17 10 10 6 4 2 1
autocannon_3 245 411 200 272 90 29 29 28 19 45 31 215 413 235 278 104 37 37 34 26 53 42 25 22 18 17 14 10 9 6 3 2 1 0
blast_air_s1_1 372 120 71 99 109 161 115 75 55 65 55 111 86 46 49 39 34 34 24 23 22 19 19 16 15 20 12 7 9 10 8 7 5 5 5 4 5 4 3 3 2 3 2 2 2 1 2 1 1 1 1 1 1 1 1 1 0 0 0
blast_air_s1_2 350 110 86 93 143 126 113 88 82 66 56 57 128 60 41 38 46 41 37 28 32 25 22 23 22 17 14 11 11 10 8 8 8 6 6 5 4 5 4 3 3 2 2 2 2 1 1 1 1 1 1 1 1 1 1 1 0 0 0 0 0 0
blast_air_s2_1 326 224 155 179 175 147 147 133 135 103 104 113 123 137 127 122 133 136 134 129 122 109 76 91 66 60 53 55 51 83 67 84 69 59 48 25 26 27 27 27 18 20 26 25 19 13 15 12 7 6 6 5 7 9 11 11 7 6 4 3 2 2 1 2 2 1 2 1 1 1 1 1 1 1 1 1 1 1 1 1 1 1 1 1 1 0 1 0 0
blast_air_s2_2 323 208 195 181 162 184 176 172 131 139 128 128 109 111 100 90 94 77 61 70 63 64 69 77 73 51 38 39 41 46 44 36 35 30 28 28 23 17 15 14 16 15 13 13 10 9 10 9 9 9 7 6 6 5 5 6 4 4 3 4 2 3 2 2 2 2 2 2 2 2 1 2 1 1 1 1 1 1 1 1 1 1 1 1 1 1 0 1 0 1 0 0 0 0
blast_air_s3_1 324 329 236 246 200 201 175 184 188 172 163 157 160 167 170 192 197 174 186 161 158 132 98 118 96 77 90 74 67 101 104 124 81 80 70 66 66 55 44 34 44 42 37 34 35 33 39 24 22 19 20 17 19 15 17 21 21 22 18 22 19 15 16 13 10 9 9 6 6 6 5 9 10 10 8 8 6 6 6 4 3 3 3 3 2 2 2 2 2 2 2 2 2 2 1 1 1 1 1 1 1 1 1 1 1 1 1 1 1 1 1 1 1 1 1 1 1 1 1 1 1 1 0 0 0 0 0 0 0 0
blast_air_s3_2 307 291 257 203 232 230 205 210 196 236 228 188 177 161 122 138 97 106 133 120 88 95 99 95 114 108 92 74 62 79 71 64 61 48 45 45 46 45 31 32 32 33 40 41 27 35 26 29 25 23 24 22 23 18 20 14 14 14 16 14 14 11 10 10 9 11 11 8 6 5 7 7 7 5 5 5 6 4 4 5 5 3 4 4 3 4 3 3 3 2 3 2 2 2 2 2 2 2 2 2 1 2 2 2 1 1 1 1 1 1 1 1 1 1 1 1 1 1 1 1 1 1 0 1 1 1 1 1 1 0 0 0 0
blast_bomb_1 364 439 460 421 436 397 394 413 411 392 364 320 317 335 308 333 339 365 304 268 281 293 353 303 312 303 223 281 267 206 231 261 260 260 276 254 273 297 255 295 244 255 311 297 216 260 246 213 207 180 254 164 215 258 274 310 277 231 228 183 309 216 315 255 282 277 213 287 254 253 238 162 164 154 215 224 185 113 115 115 187 222 203 176 221 233 236 232 165 211 206 186 173 140 168 208 213 218 160 244 147 143 132 224 240 172 160 117 127 153 82 189 187 263 201 269 199 213 140 226 236 226 178 217 132 194 220 182 260 162 152 96 141 183 236 201 229 262 183 190 191 189 199 198 146 152 157 263 125 142 195 197 188 124 154 112 138 102 132 130 122 154 195 127 149 100 109 113 134 132 94 99 190 70 83 93 70 107 126 76 130 79 82 71 75 60 115 107 105 65 60 51 39 58 67 62 76 83 47 39 86 48 72 57 37 43 26 47 32 29 46 41 37 39 39 27 32 37 28 32 36 22 21 19 27 26 26 22 19 14 24 26 23 31 19 15 22 12 17 18 21 13 14 11 14 13 15 13 18 19 13 16 13 9 15 9 13 10 13 18 13 9 12 14 15 8 10 7 6 5 6 8 6 10 11 9 11 4 6 5 6 8 5 8 11 4 4 6 5 5 5 5 6 5 1 0
blast_bomb_2 435 458 434 408 402 453 434 395 389 378 363 397 418 298 243 284 404 354 258 379 306 318 373 326 347 311 330 419 268 265 322 333 272 354 244 317 240 312 316 309 292 208 250 263 358 279 352 319 223 330 235 225 308 270 292 264 283 339 352 331 354 290 319 219 343 302 298 334 263 297 280 281 310 301 322 261 280 347 283 251 282 216 340 277 278 269 265 277 254 238 237 269 202 227 259 250 234 265 318 282 301 279 182 286 299 267 261 279 313 210 286 190 237 299 255 226 297 246 241 178 245 287 299 209 199 255 191 224 284 246 189 194 215 212 234 361 165 244 218 190 244 302 228 206 287 205 278 215 229 199 238 244 252 238 171 215 163 310 174 248 217 139 219 275 204 188 182 214 188 202 214 176 230 170 229 217 265 172 145 217 163 136 224 169 199 168 221 132 166 141 182 180 111 174 147 107 149 126 146 138 127 115 104 147 89 54 98 119 83 98 66 104 96 77 72 73 80 63 59 89 60 41 52 43 57 32 48 38 45 48 43 25 28 24 24 30 36 25 25 46 23 24 29 26 38 25 27 40 25 22 20 18 16 17 19 13 19 24 21 16 24 13 20 16 18 25 18 14 15 21 10 13 16 12 17 23 14 14 11 15 14 10 16 14 15 12 15 17 11 14 10 12 8 8 3 0
blast_bomb_3 444 446 416 437 465 389 377 369 406 355 390 301 347 380 356 327 302 288 290 325 289 306 342 325 350 314 295 283 233 292 259 320 279 223 302 230 274 302 233 192 214 286 228 185 256 265 244 214 223 187 220 228 244 187 276 193 202 243 222 163 160 125 156 205 133 150 201 119 119 128 115 112 118 99 108 88 103 92 105 82 77 87 74 67 97 103 67 62 87 63 70 85 69 75 57 61 56 64 77 89 63 53 45 48 66 44 38 50 43 49 47 54 50 74 46 36 69 70 61 67 79 67 42 38 32 30 42 26 22 24 36 37 48 48 42 43 33 35 41 35 28 34 39 25 22 31 34 39 25 23 28 28 18 26 23 14 19 19 15 17 15 15 21 25 18 23 21 22 22 29 27 23 17 13 12 12 17 13 13 12 12 11 9 13 9 10 14 10 8 8 10 8 12 9 9 9 9 9 7 8 8 6 5 5 4 6 5 5 5 6 4 4 3 4 3 5 5 6 4 3 5 4 6 4 3 4 3 3 3 4 3 3 4 3 3 3 2 1 2 2 2 3 3 3 3 4 2 3 2 1 2 2 2 1 2 1 1 2 2 1 1 1 1 1 1 1 1 1 1 1 1 1 1 1 1 1 1 1 1 1 1 1 1 1 1 1 1 1 0 1 1 0 0 0
blast_he_s1_1 208 172 112 184 176 165 126 147 133 112 104 103 96 127 130 131 143 130 136 128 104 111 68 75 67 44 52 46 37 70 70 82 59 51 48 50 34 28 23 20 16 19 16 15 11 11 7 7 6 4 3 2 2 1 1 1 0 0
blast_he_s1_2 197 164 174 183 158 153 127 169 147 150 131 139 113 98 87 73 94 60 70 80 52 59 79 71 56 47 48 39 45 46 40 30 32 31 32 31 23 18 17 17 15 14 9 8 6 7 6 4 3 3 3 2 2 1 1 1 1 0 0
blast_he_s1_3 273 210 146 168 139 142 138 113 105 90 70 77 77 64 58 54 43 43 41 34 31 34 30 27 26 21 19 19 17 17 12 11 9 8 8 6 6 4 4 4 3 2 2 2 2 1 1 1 1 1 1 1 0 0 0
blast_he_s2_1 262 277 273 181 260 250 211 221 219 221 200 191 126 180 130 153 141 121 109 120 109 94 88 67 53 67 64 62 72 49 52 55 49 65 74 82 53 66 67 51 57 62 39 47 53 34 31 34 32 38 28 24 22 20 35 42 23 22 20 18 23 21 15 17 23 27 15 18 18 17 17 12 12 12 12 8 11 12 11 9 5 6 9 8 6 6 3 3 4 5 3 3 2 2 2 2 2 1 1 1 1 1 1 1 0 1 1 1 1 0 0
blast_he_s2_2 251 267 217 282 233 194 161 126 165 150 191 171 161 175 145 114 144 101 113 109 126 103 130 105 104 118 99 105 63 76 73 82 67 56 64 54 50 30 33 38 39 33 28 30 37 30 23 20 33 27 21 22 20 17 23 18 14 13 14 14 14 9 9 15 10 11 9 10 8 7 7 8 9 7 6 7 6 6 5 5 3 4 6 3 3 2 2 2 2 2 1 1 1 1 1 2 1 1 1 1 1 1 1 0 0 0 0 0 0
blast_he_s2_3 345 174 142 293 283 190 184 179 186 145 154 168 155 194 170 153 135 149 126 133 119 121 95 108 98 107 105 114 105 87 62 81 74 73 78 67 51 48 69 64 56 46 47 53 47 52 41 45 43 40 40 39 35 37 33 26 26 22 22 21 21 17 14 16 16 13 14 14 12 12 8 9 10 7 9 7 8 8 5 5 6 6 3 5 4 3 3 3 3 3 2 2 1 2 2 1 1 1 1 1 1 1 1 1 1 0 0
blast_he_s3_1 429 366 310 309 271 240 273 198 210 205 289 236 171 191 254 284 180 205 205 211 144 150 150 128 156 188 119 159 114 142 116 133 115 127 104 107 129 141 110 97 103 108 87 139 82 106 143 93 92 91 91 73 68 111 103 81 87 67 92 82 57 67 56 65 59 57 49 50 54 57 60 45 57 50 44 46 46 36 33 47 41 34 31 32 35 25 30 29 29 23 35 37 27 30 26 24 23 21 25 23 25 24 19 19 20 14 19 15 20 14 14 17 14 10 12 10 8 15 8 11 8 6 6 7 7 7 5 6 6 4 5 4 5 5 4 3 3 3 2 2 3 2 2 3 2 2 2 2 1 1 2 2 1 1 1 1 1 1 1 1 1 1 1 1 1 0 1 1 0 0
blast_he_s3_2 319 322 379 321 218 188 276 237 212 316 256 265 228 195 317 223 231 169 196 191 172 151 179 180 138 137 144 137 202 146 150 211 184 117 148 136 121 155 108 115 163 134 113 113 78 108 99 72 74 57 95 65 86 72 96 75 89 74 69 82 61 62 50 41 39 50 44 44 55 40 60 34 34 40 31 31 32 35 27 27 23 16 22 19 22 20 17 18 14 15 12 11 13 11 8 9 13 9 11 9 6 8 7 5 6 5 6 4 3 4 4 4 5 4 3 3 3 2 3 3 2 3 2 2 1 2 1 1 1 1 1 1 1 1 1 1 0 1 0 1 1 0 0
blast_he_s3_3 361 365 322 221 258 304 333 263 315 259 231 208 189 175 192 186 158 199 174 143 104 105 109 117 101 81 81 115 96 78 90 99 116 101 82 80 68 79 70 74 73 57 50 65 54 52 49 49 46 51 37 36 43 37 23 32 28 35 27 23 32 26 25 24 19 27 23 18 18 12 16 16 20 18 15 13 11 17 9 12 17 13 7 10 9 9 8 9 9 6 8 9 5 6 4 5 4 7 4 3 4 6 5 5 5 4 3 3 2 3 3 3 3 4 3 3 4 3 3 2 1 2 1 2 1 1 2 2 2 1 1 1 1 1 1 1 0 0 0 1 1 1 0 1 0 0
blast_he_s406_1 465 461 546 508 485 433 415 466 469 373 481 392 469 416 434 407 384 352 347 425 432 401 363 296 369 285 361 439 433 338 392 320 343 257 322 449 366 394 246 258 330 260 276 292 283 340 372 325 288 320 419 329 304 336 347 208 241 278 298 264 206 192 256 243 384 304 291 310 293 261 295 355 316 332 323 287 315 332 369 380 293 316 280 249 203 285 213 282 380 202 211 242 166 168 260 240 215 320 229 305 302 259 287 263 251 224 255 221 227 145 181 261 255 249 182 253 232 228 208 184 181 257 281 225 229 231 183 211 155 194 174 173 240 275 281 322 318 172 348 151 298 238 266 286 239 269 226 230 282 325 266 324 225 158 185 161 303 229 265 292 254 322 348 253 238 229 206 304 290 261 200 157 294 332 153 214 240 290 225 242 149 155 229 135 185 97 181 213 153 138 215 208 209 268 151 131 140 108 153 227 155 172 218 162 139 102 130 79 81 123 161 114 167 141 66 108 131 95 115 135 169 74 113 63 78 64 104 96 119 84 98 95 130 62 86 68 64 58 69 84 53 63 61 60 43 47 57 71 54 32 35 41 49 45 63 68 33 46 40 43 30 28 40 49 32 28 30 23 33 28 38 25 45 21 33 19 22 20 27 25 15 25 24 24 19 31 25 31 22 17 14 14 11 19 14 17 19 17 19 24 14 16 15 17 21 12 17 17 18 12 15 15 16 24 21 14 13 9 5 13 13 16 15 11 21 18 13 14 13 14 20 14 16 10 13 9 17 12 11 11 8 11 16 11 9 8 5 8 5 9 12 9 7 6 10 10 10 8 5 1 0
blast_he_s406_2 521 570 508 549 511 457 479 405 411 395 487 450 498 467 451 321 320 419 351 473 445 405 443 422 305 386 438 387 404 444 342 364 376 235 315 312 404 340 316 422 311 407 311 375 385 301 407 363 298 410 354 312 292 360 314 432 387 347 393 281 287 298 323 431 340 383 296 400 367 353 382 342 331 361 267 313 394 347 316 361 327 322 231 304 382 335 328 278 366 418 352 301 364 303 342 350 415 295 333 377 215 288 307 355 344 272 329 270 361 319 321 272 320 271 351 329 346 329 360 261 194 298 375 347 307 240 270 422 160 261 253 268 281 293 367 248 310 331 303 263 212 270 346 267 275 294 270 316 243 241 326 277 377 205 196 315 315 250 374 404 332 307 263 322 297 281 267 246 238 211 307 247 303 291 265 201 212 252 241 307 225 193 205 335 277 323 254 248 251 264 272 342 333 267 305 181 280 324 270 230 257 246 293 278 313 276 303 327 235 243 261 195 246 190 256 208 239 218 177 253 178 223 250 152 226 151 124 182 179 221 193 201 192 151 207 187 166 169 156 136 155 133 138 109 113 106 175 87 89 83 52 79 65 89 80 70 91 103 67 87 82 69 36 59 62 62 74 42 53 39 49 46 43 49 51 25 33 54 39 37 44 32 29 32 31 26 26 37 43 46 40 35 24 38 25 26 31 21 27 20 35 25 14 31 33 28 34 24 27 25 23 31 27 23 23 34 17 19 21 21 22 21 32 22 21 21 15 25 30 21 22 13 21 14 16 31 22 14 21 16 21 18 19 20 20 15 16 10 19 11 17 17 11 16 18 17 16 15 8 3 0
blast_he_s4_1 364 357 358 370 396 326 373 285 316 214 326 280 323 348 301 304 275 291 324 353 223 191 252 240 180 175 243 212 198 206 188 203 213 206 243 200 211 204 183 136 176 155 173 190 163 156 184 156 183 151 137 128 129 146 124 142 134 92 167 121 126 127 144 123 126 165 147 120 91 127 91 80 81 77 90 82 71 69 72 61 86 100 75 89 84 78 67 77 49 69 74 84 81 56 53 76 63 74 69 78 60 52 56 73 53 49 62 45 48 27 39 47 56 62 54 85 58 65 38 74 62 70 60 69 51 55 69 50 75 40 47 46 60 68 76 70 70 76 64 57 64 50 71 47 55 49 24 21 25 30 20 24 21 19 14 12 11 16 12 13 12 15 12 10 11 14 11 13 13 11 11 8 8 8 8 6 6 4 5 6 7 7 8 9 9 7 6 6 7 8 7 6 4 5 3 4 5 4 5 3 3 3 4 4 5 5 5 6 4 4 5 4 4 4 3 2 1 0 0
blast_he_s4_2 354 377 382 324 378 305 346 329 302 338 326 352 321 248 225 279 256 251 276 229 217 169 175 136 179 185 191 180 157 123 170 135 134 133 204 135 154 172 147 162 164 113 94 109 105 96 99 108 120 105 123 92 107 137 119 114 94 107 72 65 74 101 90 59 113 88 84 70 79 86 86 78 65 94 55 88 80 99 55 54 95 77 67 77 66 67 64 75 64 54 62 75 88 43 72 43 57 78 69 72 66 61 66 67 71 71 66 61 73 59 66 45 63 64 75 60 84 71 66 57 74 72 77 73 56 72 50 57 75 90 60 75 62 67 64 67 36 80 50 56 72 60 63 46 63 62 69 52 66 39 68 82 52 59 55 43 45 61 46 54 62 37 60 69 58 44 42 51 47 53 68 49 57 57 42 27 18 15 20 20 28 15 11 11 17 13 13 20 13 13 12 16 11 12 10 10 11 8 10 10 12 9 4 6 8 7 4 6 6 7 8 5 5 5 4 6 5 8 8 6 6 5 5 3 4 4 3 5 4 3 4 3 5 5 5 4 3 4 4 4 4 4 5 3 4 0 0
blast_he_s4_3 364 457 349 362 420 347 352 344 427 408 306 221 252 358 286 329 200 238 344 320 377 230 253 213 265 277 221 254 203 223 170 215 197 274 199 237 224 168 152 226 200 171 202 204 216 213 169 194 180 166 142 183 136 154 187 207 206 186 164 127 174 208 149 179 197 209 161 235 237 226 186 102 150 134 191 183 229 225 143 141 205 243 162 242 208 137 121 161 215 147 119 156 145 180 122 122 154 127 115 77 100 97 80 95 71 81 59 81 76 65 76 70 87 62 70 67 66 47 46 43 47 52 50 33 39 43 51 40 41 37 31 30 29 40 33 28 26 25 27 27 22 18 13 19 19 21 18 23 15 13 19 28 14 18 19 16 12 13 11 19 15 11 15 11 14 8 9 7 11 7 6 7 8 6 5 6 5 6 7 4 5 4 4 5 3 5 4 3 4 2 3 3 2 3 2 2 2 2 1 2 1 2 2 2 2 1 1 1 1 1 1 1 1 0 0 1 1 0 0 0 0 0 0
blast_heat_s2_1 158 181 149 191 192 156 188 179 178 144 155 137 135 146 173 189 178 176 169 164 156 136 106 108 79 69 71 66 56 96 107 127 87 78 59 51 48 56 39 39 31 26 32 30 26 22 17 15 13 11 9 7 10 12 15 13 9 8 8 6 5 3 3 2 2 2 1 1 1 1 1 1 1 1 0 1 0 0 0
blast_heat_s2_2 148 156 167 187 179 198 145 209 201 214 212 184 155 111 118 101 162 107 88 101 95 128 99 108 124 72 67 68 94 81 55 62 72 65 48 47 38 30 26 20 20 16 19 18 15 13 12 10 11 14 11 10 8 8 6 6 6 5 5 6 4 4 3 3 2 2 2 1 1 1 1 1 1 1 1 1 1 0 1 1 1 1 0 0 0 0 0
blast_heat_s3_1 254 272 285 278 263 283 242 271 242 275 203 182 162 181 185 177 181 137 157 119 145 156 123 105 76 84 68 87 72 87 84 80 63 91 110 108 85 88 85 61 78 81 58 71 58 43 42 44 47 48 45 52 38 33 39 58 28 28 28 27 26 21 24 26 28 37 23 24 18 25 23 16 18 14 14 14 18 16 12 12 11 12 15 12 7 7 9 3 4 5 6 5 5 4 3 3 5 5 4 3 3 2 2 2 2 2 2 3 2 2 2 2 2 1 1 1 1 1 1 1 1 1 1 1 1 1 1 1 0 0
blast_heat_s3_2 147 186 178 244 239 240 204 180 184 212 209 268 237 230 222 228 188 178 229 233 169 111 124 153 141 152 118 112 93 96 95 92 67 62 62 73 58 58 60 38 46 52 41 57 46 51 36 38 35 39 25 30 28 39 27 32 31 32 27 27 19 20 20 17 14 16 17 19 16 16 13 15 13 12 14 12 11 12 7 9 8 5 7 5 6 6 4 3 4 5 3 3 3 3 4 3 2 2 2 2 2 2 3 2 2 2 1 2 1 1 1 1 1 1 1 1 1 1 1 1 1 1 0 0 1 0 0 0 0 0 0 0 0
blast_super_1 534 488 566 510 571 589 528 562 484 450 426 494 495 443 487 413 508 474 557 502 443 600 483 402 483 396 509 431 450 420 568 496 414 528 433 512 473 277 442 403 430 466 570 476 501 366 341 482 417 267 361 374 377 511 410 426 345 390 376 486 396 427 465 422 504 388 331 484 320 325 408 335 444 418 354 445 430 343 393 438 437 439 376 503 435 376 392 417 385 427 297 435 400 429 426 465 379 415 396 285 339 289 358 405 445 457 299 357 312 306 295 453 364 410 333 408 387 234 316 407 378 509 471 201 314 345 371 426 336 410 337 327 380 416 405 478 251 280 342 392 402 377 311 273 346 361 297 242 362 273 459 223 307 368 297 319 430 409 290 400 523 233 283 499 381 351 281 430 511 284 402 329 295 363 292 469 253 287 396 393 201 324 348 243 417 293 337 299 378 313 347 460 433 395 397 439 278 484 353 301 291 215 286 492 426 389 258 223 281 313 357 614 460 187 267 412 248 272 240 262 251 260 368 221 253 436 468 371 422 361 182 207 247 309 369 391 291 267 238 231 344 250 297 408 298 252 140 192 223 248 201 209 217 191 366 256 196 185 212 204 194 148 248 191 315 197 188 127 185 287 277 153 279 360 186 248 284 189 141 118 197 270 197 253 200 284 270 153 171 246 185 223 189 211 139 215 264 278 225 222 129 192 186 144 200 216 134 177 94 149 112 78 143 184 77 91 127 243 165 182 113 83 70 107 144 147 101 137 73 154 119 106 113 96 166 96 73 165 135 63 118 118 89 115 79 107 91 117 93 135 118 83 52 71 64 71 34 78 58 64 39 29 75 40 53 60 45 64 44 38 38 21 88 63 46 33 65 34 39 33 37 23 35 30 34 36 38 26 32 38 30 14 32 36 17 21 21 28 18 19 17 11 13 26 23 21 30 29 20 21 30 30 39 23 25 28 20 22 37 25 21 17 22 26 22 27 18 25 19 25 15 12 7 15 17 14 25 23 19 22 19 30 21 16 15 14 5 11 13 12 17 15 22 15 8 14 12 13 20 9 19 19 9 10 18 9 13 12 15 14 20 11 14 9 6 11 19 10 7 11 15 6 15 12 12 16 9 11 14 9 7 9 13 7 15 8 7 5 8 15 15 6 10 9 8 10 14 10 11 6 4 6 6 8 5 9 8 10 5 11 9 6 5 7 5 11 8 6 6 7 6 5 6 7 4 6 10 6 7 6 4 4 3 7 3 5 5 5 5 6 5 4 4 3 4 6 4 5 4 5 5 6 4 3 4 3 2 4 3 3 1 0
blast_super_2 632 614 672 628 616 546 549 519 572 506 494 616 508 397 480 259 466 525 573 594 570 466 513 487 387 323 309 318 481 427 550 467 530 431 385 449 414 478 505 453 380 429 513 391 431 433 434 343 426 517 415 552 486 414 502 411 405 348 482 479 360 489 445 413 434 538 393 432 358 428 368 371 292 448 504 376 387 492 471 437 452 416 344 401 488 465 399 394 415 511 373 500 349 496 461 385 496 318 323 370 450 471 383 337 344 503 307 555 446 385 339 473 406 381 436 449 414 356 373 391 314 348 471 497 481 391 398 417 425 215 464 403 311 300 457 428 375 480 448 388 344 406 506 425 469 449 342 350 324 473 477 361 360 416 292 415 460 442 419 372 357 321 444 395 423 207 252 438 398 449 325 388 320 332 505 363 465 292 315 354 441 236 240 513 556 310 284 461 433 417 388 328 418 508 456 385 392 275 278 454 389 433 355 436 409 310 452 292 289 241 442 324 487 444 298 430 337 336 483 407 268 366 426 286 277 331 370 476 429 437 270 202 263 360 500 260 344 332 331 381 207 382 226 474 362 403 442 277 328 396 378 286 269 353 276 309 322 295 279 196 358 216 224 371 380 293 200 216 201 198 220 265 173 257 435 217 221 244 205 305 232 189 266 307 208 230 185 157 224 286 231 195 129 228 177 155 139 196 227 222 137 166 130 199 152 129 93 77 135 138 176 179 214 184 76 135 128 134 96 174 187 130 100 90 108 63 101 130 56 69 134 93 78 56 101 135 93 110 109 69 65 76 74 100 137 131 118 116 56 55 87 105 67 64 99 90 103 100 51 46 75 112 69 120 63 60 56 89 50 34 42 52 63 80 63 50 46 47 109 96 67 80 44 65 74 65 86 48 55 43 64 94 78 48 34 59 55 68 40 49 50 30 49 53 55 60 60 49 85 70 63 50 41 56 49 34 44 61 61 34 21 25 29 43 29 35 28 40 30 34 30 35 29 35 42 31 37 27 47 28 17 26 20 23 32 40 37 22 21 24 28 25 16 23 20 19 19 30 20 23 23 20 21 27 20 26 29 22 23 20 16 12 21 24 18 18 18 14 14 15 11 10 17 16 11 15 16 14 22 12 12 15 17 15 15 9 10 12 11 11 12 8 8 9 15 8 11 8 9 5 5 8 7 10 5 8 7 8 9 16 8 6 6 10 5 5 5 7 5 5 6 4 6 5 8 4 6 7 4 4 3 6 9 5 3 3 4 4 5 5 6 7 6 6 3 3 3 4 2 4 4 4 3 4 3 4 5 4 3 2 2 0
blast_thermo_s3_1 363 374 370 300 262 284 272 376 309 270 260 222 259 272 299 263 217 252 189 180 188 215 153 119 166 164 111 139 135 139 155 102 143 177 149 161 138 118 134 134 122 110 102 133 136 103 107 99 112 79 134 108 94 136 79 89 97 115 78 87 117 122 71 89 81 79 68 56 71 68 84 57 57 47 51 46 53 55 46 45 51 50 41 52 41 43 47 39 36 36 33 37 25 32 34 27 25 33 38 28 34 24 23 20 26 26 23 20 26 24 18 19 14 15 18 21 15 12 16 12 10 13 15 12 13 7 8 9 7 8 6 5 6 5 4 4 4 4 3 4 4 3 3 3 3 3 2 2 3 2 2 2 2 2 2 1 1 1 1 1 1 1 1 1 1 1 1 1 1 1 1 1 0 0
blast_thermo_s3_2 409 399 354 356 316 247 307 221 254 360 253 287 211 249 268 222 292 245 248 209 255 251 261 306 207 210 223 190 150 207 147 166 204 180 186 195 145 174 159 182 123 122 140 151 148 118 132 141 156 132 90 78 117 69 97 87 65 95 64 83 80 110 95 91 80 74 87 78 66 57 48 63 52 55 42 51 39 52 43 46 44 35 31 35 36 29 40 28 23 30 21 28 25 18 20 15 15 14 14 17 11 16 10 14 15 11 10 9 9 14 8 8 7 9 8 7 7 5 7 7 6 6 5 5 5 4 5 5 4 4 2 2 2 2 2 2 2 2 1 1 1 1 1 1 1 1 1 1 1 1 1 1 1 1 1 1 0 0 0
blast_thermo_s4_1 459 452 447 439 420 368 382 342 341 324 330 361 363 285 262 315 263 341 336 381 285 308 305 300 253 366 370 255 186 294 212 204 240 212 252 222 207 216 221 248 181 226 200 272 252 207 144 199 189 200 216 205 167 217 174 220 152 149 150 119 150 149 152 139 112 161 169 145 111 135 144 120 117 124 119 117 150 119 99 105 91 98 94 87 75 78 78 100 104 97 74 91 75 88 96 57 81 77 106 68 73 70 86 77 78 75 71 75 55 78 80 79 40 64 50 60 52 44 55 64 74 64 86 57 82 44 78 61 78 78 63 55 54 75 59 86 53 57 45 50 70 63 61 59 90 56 51 64 54 71 61 41 43 28 19 29 21 24 26 20 20 18 20 15 21 19 15 14 16 13 12 14 17 14 10 13 11 11 11 10 10 11 6 7 6 8 7 6 7 9 9 7 6 5 8 8 7 5 6 6 5 4 3 4 6 5 6 3 4 3 5 4 4 5 6 6 5 4 4 4 5 4 3 2 1 1 1 1 0 1 1 1 0 0 0 0
blast_thermo_s4_2 442 383 394 409 383 334 367 362 347 349 334 375 257 351 413 289 381 283 299 238 265 230 321 249 187 286 203 182 144 226 153 232 188 175 182 116 122 158 130 139 159 203 96 118 142 115 175 135 111 119 152 113 111 116 132 105 84 108 87 100 85 99 88 81 85 99 74 84 88 96 80 110 86 70 86 68 88 67 82 83 89 70 54 72 77 80 56 81 63 51 63 73 76 61 49 70 52 61 66 60 64 69 50 57 69 63 69 86 49 39 64 60 50 48 68 58 60 46 33 53 61 55 56 70 65 60 46 43 72 64 69 60 71 33 41 49 87 53 44 60 44 45 63 37 74 58 43 45 46 37 52 72 63 56 40 63 42 50 65 63 45 52 47 40 50 40 30 55 43 56 16 20 13 9 25 14 27 18 9 13 18 11 12 14 10 12 11 13 9 7 7 7 10 8 10 9 7 10 9 7 8 6 7 6 5 9 5 6 4 4 6 7 5 4 6 6 5 4 4 4 3 4 4 4 4 3 2 4 4 4 3 3 3 3 4 3 3 4 2 4 1 0 0
cannon_1 242 294 227 281 265 260 250 301 168 188 275 225 204 139 267 177 94 91 96 96 58 124 91 86 138 155 174 109 223 330 162 124 126 187 170 177 279 218 237 225 272 214 152 171 236 233 259 219 143 153 254 238 143 108 48 83 144 122 58 51 58 58 47 45 35 31 28 19 13 9 6 3 3 1 0
cannon_2 20 18 25 22 251 402 342 451 240 182 147 161 84 94 119 124 81 109 132 78 44 52 50 73 68 118 125 97 74 50 49 61 38 47 33 40 61 66 47 34 32 19 16 20 18 17 18 18 14 15 13 13 15 13 11 7 13 12 12 7 8 5 5 3 3 3 3 2 1 1 1 0 0 0 0
cannon_3 395 418 292 160 131 169 217 106 90 87 106 67 62 73 133 127 67 33 36 32 40 44 48 48 52 47 38 24 30 33 33 24 27 23 20 18 20 22 17 17 15 14 14 16 14 16 17 13 13 16 7 7 8 5 5 4 5 3 2 3 3 2 1 1 0 0 0 0 0
collapse_1 37 85 77 56 79 71 82 45 50 25 44 66 59 53 84 75 74 64 50 41 74 118 108 81 100 111 55 60 54 50 145 74 85 51 85 183 188 167 174 147 131 105 136 262 213 196 122 115 86 141 144 44 84 104 104 74 96 132 82 77 107 145 106 131 126 182 107 139 33 84 104 90 112 126 146 323 419 248 246 139 209 181 356 251 145 281 178 364 420 227 105 138 144 326 460 198 230 234 170 162 134 191 101 256 165 164 88 77 96 93 91 70 152 175 114 119 112 63 304 185 158 101 148 153 72 105 107 120 128 91 70 65 132 103 125 132 156 182 161 195 95 39 91 61 37 42 37 30 23 33 24 20 20 30 23 36 64 21 17 25 39 73 76 88 49 44 13 11 16 14 6 12 12 6 4 4 3 3 1 1 1 0 0 0
collapse_2 47 131 119 59 58 20 10 91 83 25 20 34 41 72 130 72 58 75 113 108 97 38 87 100 36 29 72 57 43 241 125 112 134 111 105 70 70 25 43 100 70 113 60 32 57 26 28 28 24 37 59 27 274 60 107 87 82 152 52 229 301 297 289 176 175 104 78 60 80 30 270 206 154 172 263 318 196 94 115 123 111 84 40 27 46 42 25 132 63 72 91 304 171 154 98 37 86 55 60 68 105 62 70 53 84 75 67 65 34 23 16 96 33 20 51 49 55 20 22 41 46 41 51 39 29 30 21 17 27 35 53 67 129 143 35 46 70 65 71 32 39 21 22 12 11 18 15 12 10 9 18 25 44 25 17 6 3 17 19 11 16 12 6 5 3 2 2 3 3 3 4 9 3 2 1 1 7 8 15 12 6 2 1 2 1 1 1 0 0 0 0 0
crash_fall_1 5 14 23 33 42 51 61 69 81 88 94 91 95 93 93 94 93 97 95 97 92 95 95 92 97 92 99 96 94 90 97 105 90 99 94 100 96 88 100 108 100 106 95 108 105 108 102 115 107 120 110 103 110 107 119 107 104 97 117 110 117 110 116 110 131 132 107 125 113 123 122 130 138 132 138 129 147 133 123 138 125 119 141 131 140 126 149 131 124 149 147 129 114 153 132 152 145 133 143 134 145 130 138 139 134 156 147 143 146 143 151 133 141 149 143 139 149 147 144 169 159 149 149 162 164 166 154 155 147 153 179 183 153 169 165 164 165 120 50 8
crash_fall_2 5 15 24 33 43 51 62 72 80 89 97 95 95 96 98 94 96 97 94 96 96 95 100 102 98 97 97 101 104 96 104 109 104 100 98 97 103 98 99 88 99 117 101 111 98 103 100 115 111 108 115 113 105 121 115 118 127 121 121 100 111 114 120 109 122 126 134 114 126 126 151 146 129 140 141 143 117 130 131 129 135 137 142 155 133 154 145 129 135 149 142 138 124 140 123 141 159 141 132 142 147 145 133 177 142 140 148 148 184 152 147 141 153 160 151 159 167 160 142 153 163 161 169 159 151 154 140 162 176 151 169 182 151 170 148 170 157 110 45 9
crash_impact_1 408 374 397 389 410 343 409 303 356 246 346 316 338 331 305 350 274 310 310 366 231 208 268 272 159 212 238 280 191 220 182 224 212 166 197 212 211 279 189 114 169 186 188 232 199 163 199 141 174 167 140 139 134 161 121 156 130 88 178 135 125 108 137 143 120 167 135 116 100 116 96 93 100 111 66 103 72 78 60 68 87 108 102 107 95 99 90 85 93 105 89 91 62 90 53 86 60 82 68 81 70 60 54 72 66 54 74 55 41 47 31 55 56 77 72 94 57 82 47 83 62 92 71 76 49 61 95 63 75 48 42 38 61 59 71 74 61 86 68 59 67 48 73 60 31 48 21 22 17 36 20 15 29 13 18 13 18 13 12 12 14 8 10 14 12 13 13 12 7 11 12 9 14 10 8 5 6 4 7 6 5 7 9 10 9 10 8 6 6 6 7 7 5 5 3 4 6 4 1 0
crash_impact_2 383 395 413 349 384 356 344 318 330 353 372 349 327 300 280 292 264 299 258 275 261 182 217 182 198 211 188 237 168 149 162 166 156 156 216 137 135 176 162 179 176 131 162 180 131 111 81 141 116 111 85 140 103 139 113 108 101 113 108 86 98 101 113 65 122 96 86 115 99 107 75 73 101 90 82 72 90 130 80 98 95 60 85 58 75 71 72 68 75 57 70 85 65 63 88 93 72 88 82 77 75 80 46 76 88 65 77 81 96 56 87 55 66 77 73 54 96 73 72 47 56 62 102 71 70 84 59 66 96 64 63 39 52 61 60 78 71 72 54 63 57 82 64 57 75 78 70 80 50 57 68 64 63 64 61 57 41 90 37 72 73 34 65 80 53 50 30 54 61 65 65 64 62 59 44 24 18 20 29 26 22 23 11 13 15 12 19 14 15 12 11 13 11 17 10 11 11 8 2 0
debris_1 120 83 38 26 17 120 236 263 162 132 77 66 57 60 87 82 79 63 41 32 50 55 33 28 21 19 16 17 14 13 10 10 9 6 4 2 1 0 0 0
debris_2 314 252 187 95 44 25 14 7 5 2 2 1 102 134 110 108 106 68 169 102 50 32 17 26 68 79 41 27 33 24 20 14 9 9 6 4 3 1 1 0 0 0
debris_3 266 137 108 234 86 93 97 27 87 32 44 154 93 35 50 16 21 14 12 21 30 104 100 37 17 9 36 10 6 12 6 5 3 19 14 8 37 36 19 3 11 2 1 19 4 1 0
engine_heavy_1 179 138 127 163 112 74 210 71 181 123 130 147 98 100 236 113 144 134 85 131 87 163 141 122 147 122 84 204 83 157 120 138 160 95 83 240 95 169 126 102 165 91 110 190 127 138 115 73 229 120 120 140 129 149 98 82 244 82 183 123 126 159 80 97 207 107 138 135 89 154 80 187 138 125 157 117 97 199 75 181 121 135 171 110 177 105 80 176 111 143 165 83 174 108 113 163 123 149 100 75 187 99 134 146 132 172 86 67 246 85 189 137 111 137 97 106 216 118 130 126 81 184 96 142 135 121 135 107 59 218 82 137 184 126 132 87 82 192 110 169 130 92 192 108 110 179 130 160 99 72 196 119 123 186 124 168 86 63 192 106 128 164 98 177 160 110 151 134 88 154 82 193 141 120 161 119 80 196 77 183 124 138 171 95 86 242 96 166 134 96 88 75 138 138 113 129 128 77 136 83
engine_tracked_1 74 118 71 154 94 122 117 82 120 70 163 96 135 82 93 65 183 95 143 93 121 62 147 105 138 98 71 139 92 137 94 111 71 134 79 146 95 139 76 133 77 132 102 134 89 131 78 134 98 111 100 74 155 94 143 90 127 67 157 85 156 101 106 73 140 81 144 107 126 83 130 84 124 96 117 93 87 125 91 155 97 145 71 160 77 148 99 132 71 149 82 138 101 132 81 161 90 99 132 94 115 59 163 93 136 96 125 66 135 77 118 96 111 72 143 88 149 113 147 84 145 87 143 103 127 104 71 137 85 131 93 123 70 123 73 168 99 129 85 110 72 186 101 131 97 123 64 162 98 142 106 122 64 138 96 130 103 119 76 154 103 93 142 101 134 64 167 84 142 95 129 71 159 89 125 107 122 69 137 80 139 106 122 81 117 102 88 115 85 86 56 132 80 122 85 86 62 160 89 157
engine_wheeled_1 69 56 89 105 87 64 92 65 77 55 99 83 80 48 76 91 95 70 74 74 79 57 95 92 89 50 75 105 91 69 82 70 76 63 92 94 75 57 78 92 99 77 75 77 75 92 71 101 82 71 54 89 93 83 61 80 65 96 61 88 81 77 56 83 94 91 71 74 72 90 79 100 91 85 66 55 84 91 80 65 84 71 96 60 87 88 81 57 66 94 94 73 76 74 85 103 65 93 85 71 55 84 90 78 60 86 70 101 62 92 85 81 44 88 95 96 69 86 77 86 86 70 96 83 74 49 80 95 86 63 76 67 89 62 85 82 80 49 83 94 80 65 85 78 88 55 102 85 79 56 67 86 89 78 59 72 69 93 62 92 89 75 55 75 94 92 66 84 79 95 67 91 87 81 59 79 93 96 78 74 79 91 90 62 84 79 69 45 77 69 65 62 56 60 68 56 76 54 86 74
explosion_huge_1 187 285 298 349 294 273 291 270 294 228 223 222 214 239 239 243 197 191 189 272 191 224 230 299 268 252 115 267 175 219 358 287 269 191 169 138 308 239 210 300 210 232 348 200 190 233 218 138 203 156 192 122 151 203 277 302 216 219 235 170 261 181 248 195 203 206 227 311 201 197 209 149 171 136 200 235 142 134 127 89 159 206 183 151 275 200 217 253 153 197 241 189 133 173 121 195 178 195 167 241 136 98 110 197 209 161 139 109 142 139 97 142 155 244 201 300 168 261 163 237 191 220 191 224 115 152 219 218 257 126 112 108 139 172 184 181 194 277 186 189 208 183 273 162 118 135 187 278 123 149 189 211 223 122 135 86 109 101 142 122 96 116 161 159 185 111 103 61 103 156 98 115 163 86 72 95 72 87 99 67 119 78 84 75 89 64 105 98 85 72 39 44 50 50 66 71 64 65 38 50 56 28 50 34 31 37 27 33 35 32 35 25 16 22 24 25 38 30 18 35 24 15 17 13 17 15 13 8 10 11 8 10 10 11 6 6 6 3 4 2 2 2 1 1 1 0 0 0 0
explosion_huge_2 38 73 111 176 94 312 233 235 307 348 444 383 418 329 354 349 440 322 231 311 245 261 234 235 401 330 316 451 179 306 392 272 367 402 187 404 397 368 247 377 287 248 342 230 344 273 362 284 365 356 347 172 300 377 199 378 245 393 272 315 296 302 266 248 336 344 247 346 299 317 274 332 226 331 226 286 290 294 309 234 302 215 281 281 280 245 245 320 297 248 235 297 268 223 239 230 222 324 236 253 346 217 224 319 275 258 297 314 249 202 309 183 266 239 271 260 245 272 271 168 301 341 309 270 266 309 188 261 258 339 200 233 341 184 238 305 207 284 229 278 251 285 188 213 290 268 223 256 223 126 246 260 259 194 212 241 135 256 212 187 243 120 245 245 240 204 186 203 221 200 217 199 242 233 198 215 194 193 151 186 154 110 205 154 131 115 179 120 150 166 159 141 89 161 119 134 143 134 111 105 74 105 76 86 110 74 74 68 96 80 63 64 57 50 52 42 44 48 50 38 45 33 24 23 32 22 22 25 18 16 23 12 8 5 11 9 9 4 5 3 2 3 2 1 1 0 0 0
explosion_huge_3 31 54 108 77 89 136 232 221 235 392 421 279 294 198 233 164 162 248 270 275 274 252 295 260 317 238 255 227 273 246 220 235 229 200 252 242 191 227 182 222 166 187 167 127 260 244 166 205 173 143 158 156 177 133 206 172 153 138 144 170 129 120 115 146 137 141 150 76 120 78 79 85 66 85 63 72 68 68 50 58 57 58 72 41 35 71 44 54 26 34 30 49 52 39 31 33 40 40 44 48 41 37 31 49 54 45 48 31 24 19 24 38 21 48 29 33 64 59 50 65 70 59 57 39 24 14 20 11 16 24 35 49 38 49 40 27 16 22 25 25 20 14 19 13 29 25 22 18 11 14 15 13 12 15 14 12 12 9 11 9 8 10 14 16 12 19 14 14 14 21 15 17 11 8 9 7 8 10 8 6 5 6 8 8 7 9 9 9 6 5 9 6 8 5 6 6 7 6 5 3 3 5 3 2 2 4 2 2 2 2 2 3 2 3 2 3 2 2 2 1 2 2 2 1 1 1 0 0 0 0 0 0 0 0 0 0 0 0 0 0 0 0 0 0 0 0 0 0
explosion_large_1 435 310 320 277 252 237 221 215 248 345 293 279 216 188 311 327 257 250 209 210 137 138 158 184 198 184 174 191 166 178 157 171 194 200 140 124 167 164 152 110 124 132 105 153 167 166 252 126 111 128 205 97 90 174 204 108 116 96 127 90 54 81 90 87 82 79 50 65 56 95 80 47 59 64 53 58 61 55 49 68 50 43 43 32 48 33 47 37 40 26 42 49 33 40 32 29 29 28 34 27 22 34 27 23 17 16 17 19 25 16 15 18 16 12 13 11 7 13 8 11 8 6 7 7 7 7 5 6 4 3 3 3 3 3 2 2 1 1 1 1 1 0 0 0 0 0 0 0 0 0
explosion_large_2 17 38 235 250 231 228 181 176 122 273 320 321 275 278 371 302 376 254 271 241 230 173 248 186 155 260 226 210 254 227 173 288 176 103 194 206 184 201 159 141 204 147 137 150 78 127 99 96 99 61 126 65 89 89 96 99 124 89 71 98 89 68 58 53 71 63 34 34 44 49 56 48 43 35 31 32 30 41 45 39 32 20 17 19 16 15 13 15 17 16 9 15 11 8 6 6 7 9 8 4 6 6 3 4 4 3 3 1 3 2 1 1 1 1 0 0 0 0 0 0 0 0 0 0 0
explosion_large_3 253 220 239 284 272 297 289 288 282 220 241 236 211 313 225 210 202 204 194 172 141 190 111 165 117 163 151 127 86 141 117 136 114 101 127 89 84 99 105 75 69 64 86 95 60 77 80 43 56 41 44 39 47 43 34 34 43 40 23 39 51 47 47 22 20 39 27 22 13 24 28 26 31 24 22 20 13 24 14 15 28 18 11 22 18 11 14 12 11 13 11 7 14 8 6 9 7 15 12 7 9 9 8 9 5 11 4 6 7 8 4 7 3 6 7 6 6 5 5 5 6 3 2 3 2 3 2 4 3 1 1 2 1 1 1 1 1 1 0 0 0 0 0 0 0 0 0 0 0 0
explosion_large_4 506 383 260 135 85 99 285 367 269 280 177 196 202 261 158 289 271 308 273 173 296 356 204 198 259 174 128 153 290 311 132 193 122 166 226 176 222 182 176 159 144 128 124 144 138 146 150 195 172 136 135 146 195 143 158 150 169 119 222 217 138 76 100 128 189 190 169 97 125 227 163 170 179 86 114 110 183 108 101 123 159 64 76 64 110 54 63 59 52 53 64 33 57 50 50 35 59 38 71 54 32 51 34 23 37 31 21 35 27 17 25 18 23 15 12 12 9 13 6 8 5 2 3 3 2 2 1 0 0 0 0 0 0 0
explosion_medium_1 233 328 337 386 316 302 256 283 389 327 240 224 182 270 168 228 207 137 125 132 161 147 118 101 79 69 74 92 91 78 73 67 83 105 103 137 84 96 106 70 77 84 55 67 68 42 41 35 48 43 32 38 24 30 47 61 34 25 23 19 29 15 20 23 29 39 28 26 23 22 23 15 17 17 15 11 16 11 11 10 6 6 12 11 7 7 3 2 2 1 1 1 1 0 0 0 0 0 0 0
explosion_medium_2 204 274 337 310 335 249 135 220 192 246 237 321 248 361 227 217 204 150 221 275 192 220 233 188 191 228 192 182 138 167 174 165 79 96 69 70 50 72 43 49 85 60 48 53 61 46 22 32 50 44 43 49 30 43 38 48 31 27 33 33 32 40 31 29 22 31 19 15 18 12 11 18 13 13 12 15 17 10 8 10 6 9 11 7 6 3 2 2 3 1 1 1 1 0 0 0 0 0 0
explosion_medium_3 440 499 433 326 392 318 273 273 198 194 227 211 186 237 225 191 194 216 186 194 174 168 142 146 145 150 148 161 135 127 103 114 97 100 114 103 85 75 96 89 74 62 70 82 68 72 61 62 53 57 59 49 49 52 40 34 32 28 27 33 31 20 22 20 20 17 17 21 17 16 12 12 11 12 10 15 10 9 8 9 8 8 5 5 5 4 3 3 4 2 2 2 1 2 1 1 0 0 0
explosion_medium_4 313 310 317 323 342 384 298 335 341 257 352 344 308 325 390 348 305 302 302 328 313 381 331 341 266 308 330 396 329 324 187 181 281 161 149 237 164 172 248 201 178 218 145 310 133 195 194 165 95 103 131 132 83 111 90 175 93 108 94 92 105 85 65 84 106 72 72 72 79 54 54 50 71 46 34 28 40 33 20 16 16 18 26 24 11 15 8 5 8 6 4 4 3 3 2 1 0 0 0
explosion_small_1 346 304 365 324 276 283 280 223 203 162 170 172 128 156 191 197 228 194 195 182 167 144 84 100 74 60 53 51 53 102 94 117 83 74 61 59 49 32 24 19 14 10 7 6 4 1 0
explosion_small_2 161 220 209 268 246 228 147 284 278 361 418 217 307 245 134 357 373 237 216 167 205 183 205 300 194 181 222 204 176 124 77 85 94 134 117 98 62 51 71 64 54 24 17 23 14 6 3 1 0
explosion_small_3 344 461 220 183 132 107 88 87 66 68 67 60 55 44 46 46 35 34 36 38 30 26 27 31 23 18 18 14 13 13 11 8 7 8 8 5 5 3 2 1 1 1 1 0 0 0
explosion_small_4 360 319 190 154 381 166 196 99 85 94 83 47 50 88 78 65 58 36 28 37 31 40 28 26 28 26 23 18 18 25 15 16 16 14 16 9 9 7 7 6 5 3 2 2 1 0 0
fire_loop_1 100 88 97 111 69 83 60 82 102 80 71 92 89 75 100 95 92 77 95 77 74 88 81 103 170 87 91 81 92 88 114 96 96 110 78 81 110 78 107 93 61 74 83 81 82 76 126 109 83 58 110 79 80 66 103 82 96 145 80 139 59 88 66 70 107 95 93 84 91 93 70 74 67 122 94 73 98 72 108 82 80 94 73 63 84 66 77 65 80 100 87 86 97 75 88 108 106 90 155 76 68 98 78 75 113 112 51 64 64 67 105 67 69 76 87 80 115 89 97 111 79 92 106 85 136 122 129 107 69 78 91 85 101 48 59 153 129 84 68 73 139 111 100 145 102 107 75 79 76 58 64 59 97 114 144 122 74 84 132 90 85 84 72 102 85 82 184 130 84 88 61 96 89 77 109 87 88 95 60 94 96 92 89 85 119 99 82 70 92 193 104 122 98 113 69 61 69 55 90 83 66 73 70 105 116 134 115 130 80 71 154 89 65 92 102 60 83 112 103 86 106 95 166 122 120 66 123 102 121 107 85 86 75 63 88 66 65 82 90 97 98 93 94 82 71 77 90 62 157 124 95 105 80 62 99 104 96 89 88 67 88 137 107 80 93 91 121 97 107 95 100 77 100 116 86
flak_1 463 250 76 56 45 32 33 36 32 34 49 16 17 21 18 34 24 44 9 12 28 10 12 8 9 5 3 1 1
flak_2 503 208 78 48 53 30 50 18 17 19 21 23 20 21 11 12 29 13 19 19 17 14 11 12 6 8 3 3 2 0
flak_3 456 207 93 90 70 63 52 38 40 25 27 24 35 33 37 24 33 40 25 45 25 22 17 24 22 15 6 7 2 0
flame_1 7 6 9 74 256 233 164 223 236 290 266 250 264 285 347 270 267 305 271 298 267 289 283 286 287 300 273 237 259 268 283 266 241 199 316 298 289 250 246 242 314 260 294 257 267 302 273 276 254 239 317 316 235 269 239 242 234 191 218 222 218 155 160 162 133 106 89 85 57 38 20 12 4 1 0
flame_2 83 187 290 403 421 445 356 162 192 120 281 195 198 298 144 295 434 426 373 374 156 255 248 349 262 270 341 215 269 202 163 454 303 267 233 254 392 196 293 316 376 179 329 221 377 313 282 204 363 235 341 271 292 272 321 145 263 136 172 65 80 88 69 56 30 13 6 3
flare_pop_1 110 41 68 76 151 82 94 159 93 107 106 95 96 81 82 73 70 67 68 59 53 51 48 41 40 34 35 35 31 31 27 27 23 22 19 18 17 16 15 14 12 11 11 12 10 9 8 7 8 7 6 6 5 5 4 4 4 4 3 3 3 2 2 2 2 1 1 1 0 0
flare_pop_2 124 43 68 106 118 80 101 93 153 89 103 99 103 87 85 78 76 67 62 60 58 52 50 48 41 40 38 35 36 33 32 28 24 22 20 21 20 18 17 14 13 13 12 11 11 10 9 8 8 7 7 6 5 5 5 5 4 4 4 3 3 3 2 2 2 2 1 1 1 0 0
heavy_cannon_1 395 357 210 235 242 223 118 265 271 247 204 188 260 244 251 118 155 184 136 134 95 147 118 127 128 105 129 118 112 95 169 174 90 43 84 99 145 92 161 198 230 130 115 106 137 66 112 91 148 152 85 154 97 76 79 97 104 89 83 125 142 49 42 83 80 58 74 85 75 76 98 88 52 76 25 29 50 43 20 32 17 18 18 19 10 13 13 12 7 2 4 4 3 6 2 1 1 1 0 0
heavy_cannon_2 445 385 211 230 194 210 236 184 133 209 88 75 137 103 111 182 133 156 121 142 102 114 124 116 100 66 54 72 60 56 78 56 45 44 22 59 37 78 110 70 75 57 39 38 42 31 15 35 47 55 43 32 20 28 37 18 23 14 23 19 25 6 11 5 8 8 7 10 12 8 9 7 4 5 5 6 6 3 2 1 1 1 1 0 0 0 0 0 0 0 0 0
heavy_cannon_3 332 270 240 280 260 264 317 236 200 279 292 366 284 366 366 287 243 226 188 168 124 117 200 148 128 89 110 141 138 153 119 197 187 152 187 160 111 100 72 92 115 159 101 121 120 71 150 264 158 94 176 112 86 78 126 128 134 141 136 77 72 59 59 82 106 68 59 67 87 55 81 42 26 49 43 35 29 29 32 26 26 33 15 13 23 18 7 6 9 12 5 5 1 2 1 0 0 0 0
hit_concrete_heavy_1 301 258 236 188 159 124 85 66 153 180 147 100 81 46 48 35 50 68 59 53 35 25 23 41 35 23 18 15 12 13 11 10 8 6 12 5 3 2 9 14 0 0
hit_concrete_heavy_2 343 281 246 227 180 132 87 62 46 35 24 19 14 12 9 93 81 55 88 55 59 111 48 24 17 9 29 52 45 22 20 19 13 13 7 7 5 8 4 7 1 0 0
hit_concrete_heavy_3 302 278 228 209 160 146 148 78 93 56 60 43 37 61 112 51 42 16 11 17 8 13 24 21 102 42 27 10 24 16 7 9 12 5 6 7 17 5 7 38 19 3 2 9 1 0 15 1 1 0 0
hit_concrete_light_1 249 180 100 54 31 15 9 4 3 11 8 0 5 5 0 0 7 2 0 0
hit_concrete_light_2 284 149 78 42 23 12 7 3 4 7 1 0 3 0 0 4 0 0
hit_concrete_light_3 268 163 92 47 24 13 12 4 2 1 1 4 7 4 0 3 5 1 0 0
hit_ground_heavy_1 328 293 262 241 185 134 108 117 97 77 68 70 63 54 39 39 57 29 37 39 29 41 40 39 37 24 35 24 29 26 19 17 18 18 19 17 11 10 9 10 8 5 3 4 3 1 0 0 0
hit_ground_heavy_2 334 329 265 223 171 136 114 85 73 60 46 40 33 30 24 23 18 16 16 14 17 14 11 11 16 9 12 7 16 6 5 4 4 3 3 2 2 1 1 1 1 0 0
hit_ground_heavy_3 354 304 268 218 177 156 120 86 75 56 47 34 30 35 30 26 20 16 16 14 12 13 13 11 11 19 12 10 11 10 9 9 8 7 7 5 4 4 4 3 2 2 1 1 0 0
hit_ground_light_1 259 140 70 36 20 10 5 2 1 1 6 5 6 0 0
hit_ground_light_2 271 140 74 41 19 11 5 2 1 7 3 0 0
hit_ground_light_3 256 150 82 40 19 10 10 5 1 1 7 1 0 0
hit_metal_heavy_1 409 346 315 252 223 169 133 111 91 69 56 45 36 29 23 18 15 12 9 7 6 5 4 3 2 2 2 1 1 1 1 0 0 0
hit_metal_heavy_2 342 301 303 275 252 219 179 151 125 100 80 66 53 41 34 27 22 17 14 11 9 7 6 5 4 3 2 2 1 1 1 1 1 0 0 0
hit_metal_heavy_3 387 356 312 267 199 182 146 124 89 74 59 48 38 31 24 19 16 12 10 8 6 5 4 3 3 2 2 1 1 1 1 1 0 0
hit_metal_light_1 270 202 139 94 63 42 28 19 13 8 6 4 3 2 1 1 0 0 0
hit_metal_light_2 287 212 149 104 71 47 32 22 14 10 6 4 3 2 1 1 1 0 0
hit_metal_light_3 295 212 148 99 68 46 30 21 13 9 6 4 3 2 1 1 1 0 0
hit_pen_heavy_1 389 367 293 238 284 234 159 184 144 127 132 113 107 85 89 98 105 113 103 107 98 88 81 45 54 42 30 27 27 26 58 54 67 45 42 35 33 27 19 14 10 8 6 4 3 2 1 0 0
hit_pen_heavy_2 405 342 303 279 240 227 216 170 142 138 104 89 103 72 57 68 70 88 34 44 52 33 43 46 52 50 27 39 30 36 31 24 22 23 22 22 20 13 12 12 12 9 5 4 5 3 1 1 0 0
hit_pen_heavy_3 404 381 321 275 264 231 181 171 137 113 95 85 87 56 53 45 38 30 28 24 22 20 17 15 14 12 10 9 9 7 7 6 5 4 3 4 3 2 2 1 1 1 0 0
hit_pen_light_1 365 269 161 108 80 73 38 26 46 11 8 6 4 3 2 1 1 1 1 0 0
hit_pen_light_2 370 252 155 130 78 54 38 27 15 10 25 9 4 2 2 1 1 1 0 0
hit_pen_light_3 367 240 172 118 74 44 34 22 24 22 24 33 22 3 2 1 1 1 0 0
jet_loop_1 69 62 87 72 115 76 74 75 80 64 81 79 106 65 84 67 118 85 91 91 75 92 84 85 103 131 115 123 97 113 120 119 134 104 176 132 175 122 133 240 142 224 147 182 110 238 192 151 217 147 138 116 115 138 192 200 116 187 142 132 145 187 154 202 215 207 173 183 214 120 237 160 126 232 142 184 171 175 192 144 158 181 163 127 146 156 182 171 188 190 149 177 134 144 162 148 134 218 152 162 101 131 168 168 165 132 130 184 178 173 123 168 164 175 140 193 130 130 193 133 257 197 208 156 196 166 278 155 183 166 158 183 251 189 169 155 161 183 164 167 176 205 143 216 174 180 199 178 117 172 121 164 119 105 194 121 168 158 168 166 146 181 167 142 128 127 135 101 139 182 183 86 164 127 134 143 122 140 117 123 164 144 109 152 146 114 179 116 98 145 114 141 156 114 95 144 132 142 137 138 141 131 81 77 126 95 112 128 137 130 80 107 88 143 164 130 149 97 139 110 135 150 125 149 95 125 102 105 99 108 133 91 96 98 150 84 89 105 109 92 82 80 75 95 70 57 61 84 97 107
jet_pass_1 1 2 3 2 4 4 5 6 8 7 9 16 11 16 13 17 22 24 24 27 30 34 31 31 35 35 49 40 48 49 66 55 60 55 43 48 38 48 60 83 90 89 88 88 70 89 79 78 72 66 71 89 84 90 107 106 110 95 119 119 114 131 95 97 89 125 113 106 150 151 126 133 156 159 138 184 158 170 214 192 195 215 187 167 203 212 197 218 202 236 202 184 228 224 327 268 226 189 224 170 273 201 176 174 198 150 153 197 164 170 153 187 120 184 195 227 216 244 204 206 160 169 132 121 133 164 172 151 134 150 116 153 188 214 168 151 177 157 152 122 113 153 123 135 89 81 92 123 75 80 77 89 74 57 63 86 73 81 65 51 52 46 38 45 42 23 29 26 17 13 15 12 10 5 7 4 4 3 2 1 1 0
jet_pass_2 2 3 5 8 9 13 15 21 26 25 31 44 43 49 59 48 80 57 58 78 77 82 89 66 87 65 74 80 67 66 67 67 69 69 80 73 82 77 95 88 81 87 84 96 79 99 93 110 100 83 107 120 115 141 136 113 136 131 116 128 127 125 128 121 123 132 119 131 153 114 139 152 146 128 126 122 133 117 155 183 186 229 200 217 234 208 198 193 219 187 228 182 177 203 237 213 196 209 180 171 230 222 270 275 187 220 228 217 168 140 173 193 178 161 180 206 121 169 209 155 176 181 173 179 195 176 173 189 157 204 189 238 186 185 141 162 179 173 212 180 183 148 187 145 159 125 133 139 107 117 83 103 126 98 89 88 72 84 77 75 86 52 62 78 52 49 51 45 40 29 36 28 22 23 14 15 15 12 9 8 6 4 2 2 1 1 0 0
jet_pass_3 3 5 9 13 12 19 15 17 34 32 28 38 53 44 34 38 44 34 19 27 54 69 88 85 80 46 46 69 46 68 62 48 54 48 62 53 60 66 38 50 48 32 49 49 51 71 67 91 125 114 107 57 48 58 60 50 52 61 75 69 100 130 162 263 279 256 168 176 151 138 174 209 206 208 243 211 160 187 163 175 149 135 135 155 128 106 139 127 130 135 137 149 184 181 125 104 111 161 172 114 85 79 130 99 102 86 91 81 103 89 86 79 64 61 43 42 51 59 50 46 45 41 53 38 31 32 29 27 26 19 25 25 27 21 24 25 23 27 30 28 25 21 20 20 18 16 15 16 13 12 11 11 10 9 10 11 10 12 11 10 8 9 7 6 4 3 3 2 2 3 2 2 1 1 1 1 0 0 0 0 0 0 0
launch_big_1 265 285 267 248 263 223 252 204 173 196 206 166 168 161 294 275 238 251 282 248 254 237 272 264 264 331 253 262 229 261 201 249 259 297 256 245 277 242 247 286 269 247 227 188 201 240 213 227 235 175 191 178 174 139 268 208 143 137 112 133 84 163 149 143 171 154 109 102 91 110 85 80 122 89 108 95 78 91 65 67 60 70 59 47 41 47 43 31 36 35 44 34 31 31 29 37 31 31 28 29 33 30 27 22 27 27 23 29 26 19 20 19 17 19 21 21 23 25 19 19 18 21 22 18 12 17 17 17 18 20 16 14 12 16 16 22 22 12 12 18 18 15 18 19 16 21 14 14 13 13 13 13 14 13 14 16 14 14 13 13 14 17 11 12 11 12 11 12 13 11 11 8 9 11 11 16 10 15 16 11 11 13 12 19 12 12 11 11 11 11 10 9 12 11 10 11 11 13 7 1 0
launch_big_2 415 363 353 324 348 355 357 353 285 284 297 255 243 285 249 228 275 324 314 326 312 327 325 269 271 307 326 299 314 270 255 239 271 244 165 215 223 222 224 246 240 238 194 213 236 272 276 234 257 239 206 192 201 241 211 250 277 266 273 240 257 210 262 254 228 280 265 235 264 216 237 186 183 226 176 153 210 155 152 147 156 156 139 113 136 122 97 88 87 89 74 59 59 54 46 53 45 56 53 56 55 49 54 40 31 35 48 38 37 39 45 46 41 25 35 33 39 26 36 35 40 37 31 30 27 26 36 39 30 26 30 21 17 22 20 23 23 28 28 28 34 30 24 23 27 27 26 28 27 25 25 20 24 18 18 22 20 18 16 15 15 16 14 11 31 23 18 14 18 21 21 15 19 14 16 15 16 15 17 15 20 17 17 21 24 20 23 16 22 19 20 17 19 16 18 13 19 13 9 1 0
launch_s2_1 164 130 119 172 176 228 203 173 160 123 120 131 100 141 135 174 75 62 69 80 68 75 51 60 73 57 67 54 59 50 48 48 48 36 38 34 37 38 31 36 22 24 23 17 16 14 13 14 11 12 9 8 8 7 7 6 5 5 5 4 4 3 3 3 2 2 2 2 1 1 1 1 1 0 0 0
launch_s2_2 326 207 72 91 125 130 236 232 242 80 75 91 125 127 129 117 98 85 104 122 127 127 150 114 80 71 65 75 63 70 72 60 64 47 42 45 39 37 36 32 28 25 26 28 24 23 22 15 13 12 10 8 9 9 8 8 7 5 4 5 4 4 4 3 3 3 2 2 2 2 1 1 1 0 0
launch_s3_1 163 152 137 138 124 118 98 102 97 87 93 128 234 158 150 190 161 192 194 183 174 193 179 171 198 165 202 187 211 162 197 181 166 189 187 146 159 135 160 155 159 134 99 139 128 157 114 107 117 112 66 122 116 92 72 60 80 60 67 68 72 61 68 33 55 35 49 43 36 35 32 32 28 18 17 22 21 22 28 22 13 19 14 15 10 14 12 18 16 11 8 9 8 9 12 10 7 5 7 6 5 4 5 6 5 3 4 3 3 2 2 2 2 1 1 1 1 1 0 0 0 0 0
launch_s3_2 407 291 247 211 232 260 232 219 190 117 108 133 111 155 218 208 213 232 175 179 229 224 236 250 172 166 137 182 132 151 168 177 150 165 175 126 155 154 190 131 190 136 153 135 160 165 223 189 207 166 175 156 186 157 203 201 194 154 160 127 139 137 124 102 92 105 85 89 85 62 67 70 47 50 46 39 44 28 35 31 37 31 32 25 23 24 20 22 25 19 20 20 20 19 19 16 18 17 17 14 14 10 12 11 9 10 8 7 8 7 6 5 5 5 3 3 2 2 1 1 1 1 1 1 0 0 0
mg_1 233 520 397 196 159 179 296 331 234 186 155 269 335 260 190 143 270 309 296 203 182 104 88 80 60 67 73 37 46 37 34 41 27 8 7 3 3 1 0
mg_2 234 521 398 196 158 179 296 332 235 183 184 104 88 81 60 67 73 38 49 43 44 59 47 19 22 14 24 19 13 11 10 6 3 2 1 1 0
mg_3 233 520 397 196 159 179 296 331 234 186 155 269 335 258 184 99 88 76 60 75 66 40 48 42 48 55 43 16 17 10 14 10 6 4 2 1 0
missile_launch_1 13 34 17 14 18 40 54 108 115 162 206 273 235 305 260 279 316 246 281 242 240 266 252 300 237 280 215 268 273 303 311 301 209 229 273 204 225 208 208 221 277 316 197 219 182 150 249 229 229 108 117 100 100 83 123 127 100 97 78 60 53 46 47 29 31 27 12 6 4 5 2 1 0
missile_launch_2 430 309 198 176 317 251 240 136 93 100 108 102 245 303 258 331 305 251 294 340 317 311 265 205 297 186 207 219 222 209 230 221 161 230 280 216 261 182 186 183 215 262 273 272 242 245 215 253 242 262 238 245 203 188 168 175 136 144 120 121 112 103 77 80 76 49 44 31 25 18 9 7 4 1 0
rain_loop_1 124 131 132 154 134 151 131 127 131 129 150 140 149 137 138 122 145 109 121 120 132 126 124 129 122 127 124 142 126 111 121 128 111 127 123 120 135 112 130 133 124 129 120 131 126 134 116 147 127 128 121 108 125 120 108 123 126 147 125 116 117 122 132 106 124 128 125 122 112 133 114 120 130 125 118 122 116 114 117 121 128 122 127 122 132 122 128 140 110 110 139 114 117 128 120 162 145 126 129 144 139 123 115 140 122 141 143 109 129 121 127 121 111 107 125 138 124 143 125 142 134 148 150 122 122 119 128 133 133 111 110 125 129 121 126 112 124 130 121 126 133 129 112 114 110 133 111 111 127 123 128 129 132 126 111 121 129 132 115 118 126 125 113 130 152 137 157 143 151 130 126 140 125 108 167 170 130 133 127 124 112 116 122 117 128 123 103 170 135 141 130 124 116 150 125 134 132 124 119 119 144 167 123 123 143 120 124 138 142 119 125 152 154 125 147 142 129 127 115 126 128 123 136 127 132 138 138 128 130 129 133 123 132 140 119 135 138 122 142 108 122 115 122 134 115 129 126 130 135 152 204 159 135 130 118 127 119 132 145 137 154 132 121 130 136 122 134 135 138 137 114 125 119 141 118 127 135 136 143 133 122 132 127 122 159 132 132 151 138 143 117 129 143 136 132 143 142 131 137 128 127 141 157 129 142 129 134 141 155 135 131 126 140 139 124 124 126 145 142 128 130 126 115 134 123 127 120 127 122 136 136 124 137 121 126 128 126 138 150 121 137 126 131 134 117 136 118 150 125 120 125 135 120 136 120 146 151 132 119 136 131 141 112 115 132 121 129 140 118 117 122 128 124 131 124 113 118 123 124 124 119 121 120 135 133 134 141 133 134 124 121 137 130 121 117 150 137 123 125 125
rocket_launch_1 543 223 233 159 179 211 175 195 200 200 157 158 112 179 132 212 75 60 138 117 97 58 66 70 58 63 63 67 46 57 69 67 46 27 34 32 30 27 26 27 15 20 20 16 10 9 8 8 5 5 3 2 1 1 1 0
rocket_launch_2 492 492 325 143 132 61 184 191 200 68 68 62 93 86 105 95 75 64 84 91 93 100 118 93 58 55 48 46 44 44 50 37 42 35 30 25 26 22 27 26 20 16 17 13 14 11 10 7 5 4 2 2 1 1 0 0 0
rocket_launch_3 4 11 22 27 40 43 51 60 81 93 113 125 154 169 192 187 201 205 209 241 195 156 123 100 88 71 65 62 48 46 48 38 43 38 37 38 39 41 34 36 40 42 35 33 25 24 22 23 22 17 12 13 11 11 9 6 5 4 3 2 1 0 0
rocket_launch_4 4 5 29 58 48 96 111 101 162 212 191 232 258 217 298 237 300 282 231 239 261 248 195 195 210 194 176 136 120 128 146 104 103 61 48 45 27 23 20 12 7 8 5 4 2 1 1 0 0 0
rotor_loop_1 143 155 84 249 238 180 106 82 248 161 161 86 251 198 217 52 200 268 214 53 130 287 241 68 117 265 230 65 125 260 234 69 90 288 216 106 69 263 131 197 68 247 160 241 87 178 258 215 93 94 280 200 92 114 282 222 102 107 299 171 188 79 274 100 191 95 204 243 223 104 110 295 231 95 93 292 204 121 84 272 103 186 65 231 221 216 64 88 292 210 76 96 311 163 156 72 311 72 211 60 99 304 200 54 89 307 201 91 105 323 84 200 79 197 250 198 83 95 307 197 75 83 303
ship_engine_1 135 153 187 186 181 133 143 136 106 105 105 114 129 107 151 171 189 155 186 163 149 127 108 113 115 111 103 123 146 169 138 190 186 174 116 145 127 113 101 107 120 127 126 157 183 183 166 170 162 146 130 100 107 115 109 99 131 155 178 140 188 184 168 124 136 127 101 100 111 123 134 143 152 183 187 175 155 156 137 115 103 107 114 117 109 144 170 182 148 190 180 156 116 124 124 106 103 98 122 143 158 146 187 189 178 129 152 134 108 97 102 113 122 109 146 173 183 161 177 172 154 121 115 110 116 102 99 132 145 172 146 188 186 173 120 142 127 115 98 116 120 135 123 150 177 188 166 167 163 143 119 107 104 111 112 107 137 163 177 142 193 180 166 112 128 125 110 103 101 114 129 137 157 182 186 177 151 151 137 116 101 105 120 116 104 144 160 183 138 186 168 146 102 110 105 98 101 93 117 142
ship_horn_1 29 118 126 257 209 279 247 239 272 223 302 213 282 227 264 287 200 282 194 267 249 205 251 197 252 212 235 223 224 230 210 247 194 253 223 237 249 194 252 197 244 237 220 271 219 284 233 259 235 264 276 201 266 200 278 287 207 282 211 282 227 263 239 238 265 221 282 224 274 249 263 275 206 272 215 262 275 213 289 214 288 225 267 226 260 270 204 273 212 283 291 210 279 211 276 235 243 260 220 287 218 288 217 280 239 260 265 203 272 225 271 282 215 283 216 281 228 252 223 202 216 146 168 116 133 106 73 64 52 59 46 62 57 52 56 48 48 46 40 38 32 31 27 28 25 28 31 23 34 25 33 33 26 35 25 36 26 32 26 24 27 16 21 13 16 12 7 7 3 2 0 0 0 0 0 0 0 0 0 0 0 0 0 0 0 0 0 0 0 0
shot_s0_1 278 133 62 33 61 64 27 12 6 4 2 1 1 0 0
shot_s0_2 278 124 59 30 55 68 28 12 5 3 2 1 1 0 0 0
shot_s0_3 265 132 64 33 74 37 18 10 4 3 1 1 1 1 0 0
shot_s1_1 287 277 118 206 60 96 97 49 71 37 24 22 59 53 37 42 22 26 33 28 25 27 22 24 20 17 14 12 12 9 8 7 5 5 5 4 4 3 2 1 1 1 1 0 0
shot_s1_2 203 183 76 129 46 37 53 119 179 77 118 24 28 57 118 187 92 120 28 32 56 48 41 41 16 16 20 33 17 23 7 6 5 4 4 4 3 3 2 2 1 1 1 0 0
shot_s1_3 231 221 93 138 44 43 56 47 42 40 21 132 211 108 135 56 25 56 50 22 44 27 19 35 38 18 28 10 10 8 5 4 6 5 3 2 3 2 2 1 1 0 0 0
shot_s2_1 272 256 161 157 218 218 193 138 130 108 146 172 132 112 124 109 83 75 80 67 63 61 49 59 84 50 91 84 100 148 84 73 61 77 85 105 123 127 118 118 137 129 114 87 91 118 119 92 92 94 96 96 100 84 50 55 66 66 43 44 37 40 41 46 37 26 18 24 21 23 19 12 13 13 13 13 11 6 7 7 8 4 4 4 5 3 4 3 3 2 2 1 1 1 0 0
shot_s2_2 235 175 144 126 240 308 267 253 164 121 135 112 112 82 81 84 61 57 71 71 61 49 50 51 51 59 57 53 60 45 48 45 37 38 27 33 27 34 29 23 28 20 18 19 17 19 15 17 16 16 15 13 17 13 12 10 10 9 8 7 8 6 6 5 4 4 4 3 3 3 3 2 2 2 2 2 2 1 1 1 1 1 1 1 1 0 0 0
shot_s2_3 360 327 254 185 180 185 216 151 102 124 81 103 77 99 117 86 55 59 50 60 54 53 53 78 81 69 35 33 39 42 34 30 34 32 26 25 30 27 24 22 19 20 20 22 16 16 17 15 15 13 13 11 10 9 7 7 8 5 5 5 6 5 4 4 3 2 3 3 2 2 2 2 2 1 1 1 1 1 1 1 1 0 0 0 0 0 0
shot_s3_1 270 307 230 297 234 234 209 284 229 209 225 174 189 200 130 148 168 142 118 102 107 123 79 111 91 94 117 91 57 70 82 99 63 48 68 70 62 60 81 139 97 70 61 60 78 58 45 57 67 65 56 68 48 52 37 42 50 51 47 54 54 31 33 42 40 41 42 38 31 29 40 30 23 30 21 18 21 17 21 17 12 15 11 14 12 12 11 8 8 6 10 10 7 8 8 7 7 6 5 6 4 5 5 3 3 4 4 3 4 3 3 3 3 3 2 3 2 1 2 2 1 1 1 1 1 1 1 1 1 0 0 0
shot_s3_2 266 323 327 324 269 281 267 203 163 222 150 173 159 146 169 155 136 109 128 102 88 63 86 105 104 78 78 80 55 66 82 66 46 65 36 57 45 41 56 50 48 36 40 42 48 35 36 37 42 35 25 20 15 25 26 20 18 20 14 15 16 13 12 15 12 12 10 7 8 9 11 9 6 7 6 5 6 5 5 4 7 4 4 3 3 3 4 3 2 2 2 3 2 2 1 2 2 2 2 1 1 1 2 1 1 1 1 1 1 1 1 1 1 1 0 0
shot_s3_3 366 247 258 279 175 249 240 209 196 160 130 231 217 262 219 183 215 179 98 146 76 94 111 101 60 62 54 88 60 97 74 116 92 75 76 63 50 45 59 53 54 34 83 66 57 63 78 110 103 51 71 66 50 45 52 73 62 66 50 37 32 26 19 48 49 38 32 30 31 38 44 19 23 27 20 22 21 20 15 14 12 12 13 8 13 10 7 6 5 10 7 12 7 6 9 5 6 6 5 5 5 5 3 4 4 5 5 3 3 4 2 3 3 3 1 1 2 2 1 1 1 1 1 1 1 1 1 1 0 0
shot_s406_1 299 432 426 384 385 392 301 362 352 339 364 351 342 260 303 290 311 254 253 261 333 344 199 224 287 201 239 265 210 249 170 207 222 180 159 192 151 215 158 146 193 158 171 190 127 160 127 199 180 126 128 161 109 135 113 119 123 143 140 226 206 179 150 103 132 92 102 105 109 102 89 84 110 146 130 113 51 98 173 72 83 112 57 69 80 73 82 78 97 69 104 131 62 96 56 61 53 70 66 57 71 74 65 68 48 64 78 66 59 76 77 75 33 34 30 32 42 35 28 27 43 28 21 32 37 33 20 29 36 26 24 30 25 26 21 17 25 24 17 22 28 25 16 19 18 17 15 16 10 16 13 13 11 15 16 13 12 13 10 12 17 14 11 20 22 18 19 13 15 13 17 16 16 16 16 17 13 13 12 14 19 17 15 20 16 14 9 12 14 9 12 8 8 8 11 10 8 8 13 8 9 10 6 8 8 8 8 7 8 8 9 8 6 5 6 6 5 5 8 7 5 8 9 12 9 8 5 6 4 5 5 8 4 3 4 4 4 5 6 5 4 5 5 4 4 3 3 5 3 4 3 4 3 4 6 4 2 2 2 3 4 3 2 3 3 3 3 3 2 3 3 3 3 2 3 2 1 1 1 2 2 1 1 1 1 1 1 1 1 0 0
shot_s406_2 391 451 400 359 344 359 347 362 359 408 380 305 263 262 236 266 332 327 346 265 250 298 217 143 233 175 203 192 207 167 158 236 160 194 143 227 158 97 90 109 123 136 190 129 166 134 121 101 116 63 104 77 104 100 95 88 61 91 90 125 99 89 88 57 103 62 98 57 94 73 49 56 60 53 64 60 53 66 62 46 41 45 63 34 46 43 42 29 42 31 37 29 47 30 39 26 26 25 24 21 23 21 26 18 19 22 24 26 15 18 15 18 15 21 18 14 12 13 14 14 15 35 26 23 23 22 27 21 16 19 21 22 18 15 15 18 12 14 11 15 11 12 12 12 16 12 9 9 10 9 11 8 10 7 7 10 12 8 6 6 6 7 6 7 28 18 20 16 18 14 14 12 17 12 19 13 12 9 12 8 10 7 9 10 10 9 10 13 7 8 7 7 6 8 8 9 6 7 8 8 8 5 6 5 6 6 6 6 6 6 4 4 3 3 4 3 2 4 3 3 3 4 4 5 4 4 3 3 3 3 4 3 3 2 2 2 2 2 2 2 2 2 2 2 1 2 2 1 1 1 1 1 1 1 1 1 1 1 1 1 0 0 0 0 0 0 1 1 0 0 0
shot_s4_1 358 344 331 311 322 303 303 322 324 296 225 250 232 180 195 208 186 172 179 196 179 154 189 156 157 126 99 80 132 84 78 69 96 111 83 108 111 76 79 71 54 96 73 76 76 84 86 78 121 91 131 82 80 85 68 78 79 90 66 76 75 76 79 93 82 77 69 35 30 37 43 35 33 35 35 31 27 31 31 26 24 38 22 20 23 17 17 15 21 16 11 11 14 15 11 14 16 10 12 12 10 8 11 11 10 13 9 8 10 9 7 9 8 7 5 7 9 8 8 9 9 6 6 6 5 6 5 6 7 6 5 5 5 6 5 4 4 2 2 3 3 3 2 2 2 1 2 1 1 1 1 1 1 1 1 1 1 1 1 1 1 0 1 1 0 0 0
shot_s4_2 409 298 276 286 319 199 339 273 204 177 237 201 170 195 217 275 333 274 221 191 169 176 123 123 135 100 140 174 129 59 104 67 89 96 110 97 103 105 100 102 63 68 93 101 101 65 82 79 65 82 69 75 66 45 55 53 76 145 106 81 69 79 68 65 47 64 58 80 68 40 56 61 49 54 55 43 36 38 42 33 32 36 47 50 40 47 41 28 31 32 32 21 21 23 18 21 13 15 10 16 16 18 17 14 14 12 14 12 14 11 10 10 12 11 9 8 9 7 9 5 7 8 7 8 7 6 7 9 12 10 8 7 9 6 4 5 5 6 5 6 6 5 3 3 3 3 3 3 3 3 2 3 2 2 3 2 3 2 1 1 1 2 1 1 1 1 1 1 1 1 1 1 1 1 1 0 0 0 0 0 0 0
shot_s4_3 317 374 369 338 297 264 314 257 218 291 229 243 244 251 194 173 220 163 158 196 190 210 113 130 121 172 144 124 127 93 129 91 100 98 81 73 81 120 121 85 67 75 69 80 91 73 98 84 136 146 105 80 80 78 75 82 54 70 95 92 88 68 88 107 65 68 68 68 64 49 79 67 76 92 37 57 48 69 69 42 45 57 47 38 33 35 50 46 44 51 37 23 31 47 23 24 19 13 18 15 23 17 14 13 14 14 12 6 14 15 8 8 10 10 12 8 9 8 13 20 8 11 8 8 9 8 7 7 8 10 5 7 6 5 4 7 4 4 5 4 6 4 5 7 3 3 2 4 4 3 3 4 3 4 3 4 4 3 2 4 2 1 1 3 2 1 1 1 1 1 1 1 1 1 1 1 1 0 0 0
shot_super_1 350 346 500 457 434 471 354 315 385 496 402 362 379 440 453 366 371 434 476 244 313 351 315 350 362 440 372 312 369 303 236 301 407 277 258 273 358 331 217 214 296 274 231 209 302 321 282 220 270 213 200 211 209 255 298 288 236 344 336 307 163 215 258 194 340 282 298 203 225 209 238 283 227 264 304 254 209 268 229 221 234 154 205 244 207 212 256 294 226 214 136 304 211 132 225 255 209 201 166 137 266 243 136 180 146 252 187 233 166 179 191 172 186 164 158 170 158 198 140 140 188 201 196 219 193 94 111 100 90 118 103 134 143 201 200 208 167 130 227 113 219 197 179 179 189 188 114 162 203 178 200 187 127 141 124 134 178 159 184 217 154 212 195 127 124 138 107 128 137 130 100 72 181 220 82 114 101 121 148 160 75 72 40 55 38 37 83 64 43 46 32 41 51 44 34 43 25 54 52 31 37 46 49 26 33 40 27 22 28 27 21 35 29 19 28 34 28 21 24 19 30 26 17 15 26 22 23 19 13 33 24 29 27 27 36 42 27 27 38 24 19 24 25 22 22 23 28 18 28 29 27 25 31 15 20 15 20 26 16 23 22 16 17 14 18 18 12 20 14 19 19 21 17 11 24 13 15 16 11 15 12 14 13 15 15 12 17 18 18 16 16 13 15 15 19 17 15 14 14 16 8 9 17 8 10 11 14 15 13 11 14 12 9 13 9 12 13 18 9 15 9 13 9 8 13 9 9 8 9 5 13 12 14 10 12 10 11 13 10 9 11 10 11 11 6 8 6 9 14 7 8 5 8 12 10 6 3 3 3 3 2 5 3 7 6 7 9 5 5 6 2 0
shot_super_2 236 433 385 463 352 411 365 432 472 405 360 451 307 439 421 352 279 401 397 333 330 363 463 432 306 418 352 230 322 324 281 243 373 301 468 301 451 296 396 458 388 334 393 232 327 245 227 325 252 270 164 182 198 157 201 468 268 215 268 294 250 211 263 320 262 348 244 227 167 225 219 259 207 332 202 254 252 233 202 182 217 264 214 194 297 227 250 266 214 247 226 196 238 255 351 188 163 153 261 217 194 165 297 291 209 213 224 161 185 298 192 161 177 193 225 197 163 257 243 158 197 191 244 123 212 211 196 244 148 211 183 183 131 168 151 198 104 215 210 118 150 185 262 186 167 185 149 178 142 129 201 180 233 130 156 213 233 134 192 257 174 150 142 195 178 177 139 125 139 112 197 99 195 201 150 135 143 137 222 136 165 140 83 55 48 53 67 54 60 86 46 45 45 38 66 43 60 45 53 35 34 31 35 33 29 30 27 43 24 33 32 26 34 65 42 25 32 27 32 32 29 34 23 29 19 28 32 23 22 26 39 17 30 31 29 32 26 31 35 33 36 23 11 24 32 28 31 26 27 18 18 25 38 28 31 24 21 22 13 19 23 23 29 14 13 20 29 22 24 31 18 17 14 21 11 16 7 17 13 13 18 13 18 11 12 12 16 20 18 16 19 13 16 21 15 18 12 13 17 15 15 21 18 13 16 11 20 9 12 16 14 15 12 13 15 11 10 12 12 9 11 9 11 8 17 14 10 14 10 11 13 12 11 14 13 6 11 8 8 14 11 10 12 10 13 13 13 15 8 10 9 7 7 10 13 13 12 8 5 9 7 6 5 5 6 5 6 9 7 6 2 0
siren_1 3 8 16 19 34 40 41 44 62 62 67 76 91 93 70 85 102 98 81 107 114 122 124 140 159 212 246 193 173 237 190 216 222 291 256 195 249 255 225 222 217 275 362 366 307 310 266 188 194 189 201 204 196 208 183 156 170 171 271 256 209 209 231 204 162 148 192 240 229 220 226 206 205 186 182 197 215 237 231 240 277 303 304 287 259 247 258 258 250 245 225 212 193 193 206 216 233 237 246 266 291 319 352 377 379 352 304 261 234 211 192 186 186 189 199 201 196 192 178 160 146 127 113 102 87 77 67 57 49 40 33 26 20 14 10 6 3 1
smallarms_cluster_1 0 1 16 13 15 22 102 42 152 98 48 21 172 105 41 114 113 52 40 174 146 73 194 162 93 142 91 151 162 96 38 173 156 63 132 172 122 114 174 129 63 144 156 60 138 136 143 104 122 167 141 112 74 178 137 73 87 195 115 94 140 139 105 76 147 144 73 105 120 132 105 127 96 95 129 76 79 158 104 61 78 139 68 36 148 93 40 93 52 4
smallarms_cluster_2 0 1 5 12 14 23 12 9 9 10 10 8 7 8 8 6 4 141 123 134 143 85 116 135 124 99 99 121 174 117 88 125 144 146 122 99 120 214 116 106 75 180 145 133 120 153 92 140 154 109 79 105 151 83 28 99 181 71 78 115 70 44 67 84 53 57 86 87 35 86 40 20 37 91 32 14 49 73 28 11 5 2 1 0 0 0 0 0 0 0
smallarms_cluster_3 0 4 8 23 20 23 19 68 108 141 70 48 211 110 48 42 139 149 170 78 174 96 133 208 102 50 146 134 140 87 187 155 91 152 122 66 155 153 99 117 161 91 40 154 157 94 89 78 78 112 109 97 44 50 101 90 47 18 41 95 72 58 23 41 119 41 17 7 3 1 0 0 0 0 0 0 0 0 0 0 0 0 0 0 0 0 0 0 0 0
thunder_1 216 201 329 360 292 235 187 202 360 353 262 284 247 273 268 161 205 223 273 220 148 118 154 172 145 101 194 188 124 102 75 82 82 84 114 101 84 84 154 101 91 74 69 68 132 84 62 76 73 48 65 47 61 81 57 108 97 57 49 51 62 152 126 105 77 57 48 123 92 92 87 86 80 87 55 68 85 58 70 51 72 49 80 60 60 63 135 95 46 64 87 82 108 49 53 53 100 31 39 45 52 57 28 22 32 52 44 42 29 40 39 26 17 43 40 50 39 43 25 21 32 42 27 63 29 27 20 26 31 28 26 29 21 39 62 23 19 30 35 37 52 33 36 43 38 19 21 28 42 38 27 16 19 22 34 27 30 24 20 13 14 24 27 19 12 25 28 21 15 18 12 24 22 23 12 16 11 13 12 14 10 8 12 7 12 7 5 5 5 5 9 4 3 5 3 3 3 2 2 1 1 2 1 1 2 1 1 1 1 1 1 0 0 0 0 0 0 0 0 0 0 0
thunder_2 21 8 18 16 14 20 14 15 201 396 198 202 312 172 273 174 159 200 114 111 89 117 210 305 149 205 123 229 149 159 146 114 73 81 76 112 191 303 297 238 142 168 101 107 64 58 81 117 85 139 112 139 179 157 104 111 80 88 183 249 213 148 141 171 128 75 65 87 66 68 105 70 59 69 101 135 89 109 87 121 124 124 83 86 52 73 71 77 99 85 67 89 63 82 31 41 47 54 51 151 168 103 67 75 61 73 85 88 47 67 94 81 60 47 82 72 84 77 61 51 71 58 76 182 183 147 126 66 46 46 47 35 72 85 80 65 58 111 123 81 101 76 154 79 68 92 55 54 36 61 112 93 107 121 108 88 51 84 59 55 51 62 48 50 47 33 31 27 33 62 53 50 68 55 30 32 34 38 57 61 42 31 40 27 20 27 21 24 21 21 17 14 13 11 12 11 8 9 8 9 9 8 8 7 7 6 5 5 4 4 4 4 4 7 5 4 3 2 2 1 1 0 0 0 0 0 0
thunder_3 13 13 15 15 22 24 31 20 32 20 17 32 30 26 30 44 96 68 124 85 46 192 307 253 222 358 368 336 338 213 162 103 89 63 136 145 247 218 225 141 92 108 81 83 167 200 231 98 93 78 105 96 79 74 49 45 49 54 36 23 23 29 34 50 36 45 30 26 24 22 31 32 33 19 22 19 16 18 19 22 18 20 23 69 80 66 53 51 52 29 24 18 18 32 29 23 12 21 26 24 17 15 16 79 97 64 54 40 41 57 64 113 146 226 131 111 95 70 53 42 51 77 69 48 45 61 44 44 54 42 75 112 47 105 267 195 185 84 141 85 72 50 53 54 42 42 46 35 73 123 88 57 39 34 39 42 50 74 88 75 47 64 40 35 26 23 26 26 19 21 60 133 61 37 26 26 28 25 20 25 22 22 22 31 48 45 22 17 22 30 22 14 19 19 20 24 27 23 24 28 17 17 14 10 9 8 4 3 2 2 2 2 2 2 2 1 1 1 1 1 1 1 0 0 0 0
train_horn_1 32 79 124 169 201 209 200 194 190 195 206 202 200 188 190 190 193 199 189 189 191 199 202 202 187 190 196 207 213 206 204 199 194 201 191 186 193 206 211 221 226 221 207 203 214 216 213 221 228 235 248 234 230 214 210 222 222 220 222 224 224 229 237 232 217 215 214 226 218 214 216 220 221 234 221 211 207 212 216 216 214 217 210 199 194 177 154 140 128 120 107 88 78 67 55 51 52 53 57 58 54 50 46 42 40 34 33 33 29 27 24 23 21 23 22 21 20 22 23 21 21 21 21 20 19 17 14 12 11 10 8 6 4 3 1 0 0 0 0 0 0 0 0 0 0 0 0 0 0 0 0 0 0 0 0
train_horn_2 33 81 147 195 222 214 236 208 197 241 205 225 218 224 207 222 206 189 232 199 226 219 245 219 225 212 194 227 200 224 216 236 214 222 223 205 232 214 232 217 233 218 215 238 206 228 224 234 216 216 223 210 256 215 238 228 244 223 213 230 199 230 215 220 233 239 221 207 238 201 217 214 204 220 212 223 198 233 202 215 210 210 213 188 199 156 168 130 127 109 94 81 66 66 55 53 65 57 63 62 61 55 50 45 36 43 34 34 34 31 28 26 23 24 24 24 22 26 23 24 24 24 23 22 22 17 18 14 13 10 10 6 5 3 1 0 0 0 0 0 0 0 0 0 0 0 0 0 0 0 0 0 0 0 0
train_rails_1 82 102 71 93 93 85 84 76 67 71 89 87 85 66 57 70 71 91 192 146 80 60 87 55 229 91 113 90 66 103 47 61 63 93 93 84 58 68 66 66 72 78 103 92 65 76 83 50 86 182 143 93 92 94 79 248 93 69 76 54 72 57 68 79 87 81 72 76 71 91 61 85 63 73 78 91 65 97 67 56 196 145 84 94 66 79 250 106 67 75 70 79 58 63 78 72 64 63 70 76 57 78 74 70 64 65 65 83 85 68 58 182 134 61 57 57 65 214 86 61 81 77 70 93 100 88 57 54 64 68 53 46 75 61 48 70 68 72 63 50 90 84 223 136 79 77 76 66 237 76 74 67 81 82 59 60 68 59 84 89 77 65 91 75 74 74 73 61 87 81 60 76 69 205 148 71 62 67 88 217 96 74 71 69 69 79 66 74 61 57 62 45 61 135 61 48 65 80 79 74
warn_whistle_1 0 0 0 1 1 1 2 2 3 4 5 6 7 8 9 11 12 14 15 18 19 19 22 26 26 30 32 34 35 40 42 44 46 48 53 54 59 63 66 68 76 76 83 83 85 88 99 103 101 112 105 124 131 123 134 142 144 143 148 158 153 120
warn_whistle_2 0 0 0 1 1 1 2 2 3 4 5 6 7 8 9 11 13 14 15 17 20 21 23 24 27 30 32 33 36 39 42 43 48 53 54 55 62 63 66 66 71 75 81 86 88 92 103 104 101 107 115 117 125 125 135 131 141 145 148 169 166 121
warn_whistle_3 0 0 0 1 1 1 2 2 3 4 5 6 7 8 9 11 12 14 15 18 20 20 23 24 27 31 32 35 36 42 42 45 45 46 53 54 59 61 64 69 74 76 80 84 87 94 91 98 104 112 112 118 108 131 138 139 149 150 156 154 160 113
warn_whistle_big_1 0 0 0 1 1 1 2 2 3 3 4 5 5 7 8 8 11 14 16 18 16 16 21 19 24 23 26 24 39 38 36 37 42 50 51 52 50 52 55 63 69 72 65 77 89 74 80 80 81 97 94 101 96 112 103 111 135 133 127 172 152 160 141 168 185 153 164 165 156 173 168 179 204 177 181 183 203 277 217 80
warn_whistle_big_2 0 0 0 0 1 1 2 2 3 3 4 5 5 6 9 10 10 13 13 14 16 18 17 19 23 24 27 35 33 28 30 40 41 45 44 42 55 59 71 58 63 67 59 63 73 95 88 101 95 89 88 87 112 108 100 109 105 120 155 137 125 133 136 142 137 170 181 174 152 158 212 203 195 187 206 193 228 222 236 89
wind_loop_1 172 160 141 129 118 139 147 161 133 185 171 171 224 177 187 117 196 181 192 133 218 177 161 201 157 191 214 186 161 175 211 136 180 177 173 214 153 216 163 232 208 242 166 209 164 154 200 152 264 220 170 228 204 225 223 143 161 276 236 212 213 248 250 187 171 206 180 256 207 170 184 276 200 151 178 252 229 186 251 160 247 222 222 233 355 244 161 242 175 188 237 296 303 298 191 159 203 209 222 185 130 306 205 190 193 197 139 245 252 193 285 245 276 277 168 247 201 288 268 192 381 223 237 220 234 270 231 205 251 179 271 233 209 221 215 228 325 212 307 162 322 313 225 159 202 275 224 222 207 218 252 208 228 224 265 265 230 245 169 188 229 217 213 170 308 273 284 196 304 186 248 177 200 141 173 212 166 285 205 193 286 215 177 216 247 155 127 221 183 174 288 232 199 232 212 228 294 187 237 250 259 217 222 215 184 256 212 165 230 206 186 176 171 232 229 228 179 128 178 276 181 204 194 221 261 204 230 148 236 172 184 181 148 204 161 167 178 183 195 241 182 225 252 267 187 214 197 183 156 174 184 184 218 186 273 225 199 229 218 178 135 156 171 166 203 181 162 176 201 250 215 180 160 130 206 274 234 189 188 248 222 225 223 172 160 188 152 171 200 186 167 190 212 230 183 172 209 162 153 164 176 156 218 160 223 139 206 195 190 229 159 206 165 199 130 201 169 158 129 154 169 154 184 197 196 199 177 192 165 130 176 169 200 192 163 150 196 216 181 238 185 213 175 192 151 195 137 147 129 143 106 160 205 189 191 152 198 153 150 202 168 170 183 147 154 199 126 148 168 164 137 179 130 150 186 180 133 221 194 205 150 144 234 228 188 162 182 171 165 203 180 174 139 135 173 179 122 152 180 222
wreck_aircraft_1 399 396 402 338 418 359 410 310 330 270 351 303 337 315 332 317 275 313 345 358 242 182 249 281 161 215 170 265 215 257 221 242 222 199 201 196 207 252 192 139 166 212 173 251 220 149 220 152 184 164 136 137 140 153 126 161 152 99 156 144 171 132 131 135 97 133 129 128 114 126 125 108 93 93 75 81 89 66 78 64 98 96 99 97 95 88 81 78 67 91 93 112 71 86 52 81 71 74 66 81 75 59 53 59 65 47 62 56 63 56 43 61 57 78 65 89 61 69 37 76 73 73 64 72 42 49 80 63 82 46 55 49 54 57 72 66 61 92 62 58 73 55 71 56 50 43 32 19 29 24 26 14 19 20 16 21 17 15 12 13 13 11 12 13 12 12 10 15 12 7 9 11 11 10 7 8 4 6 5 7 8 7 8 8 10 11 8 7 7 8 7 5 4 5 3 4 6 5 6 3 3 3 4 5 5 5 5 7 4 4 5 4 5 4 3 3 1 0 0
wreck_aircraft_2 383 391 403 369 378 338 333 337 329 364 352 375 332 279 248 281 256 305 287 278 228 173 212 169 183 196 198 238 166 141 164 159 154 162 217 134 174 172 154 182 159 133 105 141 127 80 101 152 117 96 114 124 112 137 132 116 85 112 82 81 89 92 105 82 137 97 82 87 92 111 97 91 99 104 60 77 87 102 73 72 109 68 82 69 73 74 97 67 79 49 72 98 90 85 78 66 71 95 74 79 74 66 68 64 83 57 71 66 102 97 88 65 77 87 82 57 99 69 66 50 78 86 93 66 60 95 47 64 76 102 74 72 62 71 59 77 26 91 59 53 68 58 62 53 77 73 77 56 71 46 54 90 51 61 58 61 57 74 38 50 86 49 68 84 67 55 33 60 57 70 74 55 62 68 60 30 22 16 21 25 25 12 11 20 22 13 13 18 13 16 7 16 15 13 9 11 9 9 15 10 15 7 9 7 8 9 5 7 9 9 8 4 6 4 6 8 6 9 6 5 6 5 4 0 0
wreck_artillery_1 395 365 341 341 289 272 288 245 245 233 297 338 273 261 333 325 303 203 224 277 188 185 177 157 189 192 160 191 168 240 150 139 187 184 185 142 185 186 200 161 159 143 138 167 191 165 186 194 139 136 119 125 97 134 147 101 109 118 122 125 108 113 95 197 267 249 179 182 173 151 164 210 176 204 186 195 188 163 137 193 118 108 119 109 95 110 103 99 86 112 121 100 84 63 75 76 70 71 85 78 56 86 64 53 51 51 55 54 47 43 37 45 38 40 25 29 29 36 39 22 21 24 30 20 22 22 19 20 24 19 17 16 17 16 13 12 11 9 10 8 8 11 9 8 6 7 7 6 8 4 4 5 4 4 3 3 3 3 2 3 1 2 2 1 1 1 1 1 1 1 1 1 1 0 0
wreck_artillery_2 369 389 369 365 301 235 277 309 245 298 271 311 264 233 286 317 247 182 246 249 267 199 193 166 284 192 217 276 256 242 233 271 250 198 179 211 200 189 235 219 281 210 231 172 245 255 272 240 250 192 190 156 145 179 146 158 118 109 112 145 160 137 165 177 106 117 96 108 204 192 175 169 226 120 158 165 153 120 121 143 105 138 135 125 119 113 112 104 95 94 88 103 93 71 76 83 68 75 57 51 52 63 57 47 49 46 42 46 41 38 43 31 35 37 36 26 29 30 33 26 26 24 21 18 21 16 18 14 17 12 13 14 11 11 9 12 9 8 7 7 6 7 6 5 7 5 5 4 4 4 3 3 3 2 2 2 2 2 1 2 1 1 1 1 1 1 1 1 1 1 1 0 0
wreck_drone_1 198 162 102 178 158 140 130 116 133 113 98 97 92 107 120 123 138 129 134 124 111 95 65 77 55 45 53 43 45 63 62 81 56 48 49 37 42 33 25 19 14 17 14 16 10 9 8 7 6 3 3 2 2 1 1 1 0 0
wreck_drone_2 187 147 170 169 164 136 124 143 127 127 132 134 99 90 82 77 91 59 61 71 50 74 79 60 55 45 47 37 50 51 45 36 33 25 27 28 19 19 17 15 17 14 8 9 7 6 5 5 4 3 3 2 2 1 1 1 1 0 0
wreck_heli_1 399 368 344 344 294 282 328 271 265 242 312 324 247 257 342 311 261 236 240 239 214 206 215 171 195 195 174 199 152 188 141 141 185 175 147 144 182 192 152 135 142 132 133 147 139 158 199 153 124 122 148 125 114 149 144 102 124 97 133 103 94 81 80 94 75 78 57 75 59 93 81 64 65 61 63 75 64 54 59 67 62 49 53 42 46 37 46 34 57 35 49 50 37 35 37 36 32 26 35 31 32 37 28 29 21 20 20 21 21 21 17 24 20 14 15 13 11 16 14 16 11 9 9 9 9 12 9 9 8 7 7 5 4 6 3 4 4 5 4 3 4 4 3 3 3 2 2 1 2 2 3 2 1 2 1 2 1 1 1 1 1 1 1 1 1 1 1 1 0 0
wreck_heli_2 340 401 387 373 288 236 292 293 269 346 277 293 250 182 306 292 251 211 223 208 206 182 165 199 164 172 158 157 222 187 154 208 175 109 181 118 151 159 148 137 159 145 146 123 94 106 108 71 87 69 104 97 92 84 102 83 102 81 75 92 69 46 63 64 53 61 49 50 50 34 57 47 45 39 32 29 30 39 29 42 29 18 21 24 25 28 19 19 27 16 15 17 18 10 12 11 12 13 9 9 5 10 9 6 6 5 6 6 4 4 4 3 5 5 4 4 3 2 3 3 3 2 2 2 2 2 1 2 1 1 1 1 1 1 1 1 0 0 1 1 0 0
wreck_ship_1 4 13 20 20 13 10 21 47 66 76 58 36 21 38 80 427 448 501 455 475 378 383 411 421 380 416 389 375 359 387 378 377 410 308 366 409 370 379 309 381 321 365 395 384 438 383 435 350 294 302 361 427 369 305 309 297 316 326 284 404 353 374 338 313 357 415 283 345 345 338 326 326 334 283 260 235 212 305 344 332 382 315 367 296 292 340 360 343 401 337 354 289 370 387 423 340 315 323 256 279 240 267 300 374 223 320 254 264 176 237 226 313 339 228 335 337 307 312 320 239 301 452 326 294 207 239 294 321 321 255 329 342 366 233 222 308 308 304 248 266 229 201 246 207 292 157 279 270 390 356 384 399 197 386 207 396 296 287 379 295 302 251 265 325 328 392 346 281 249 251 230 336 321 282 324 316 389 386 320 292 342 303 334 307 336 222 212 224 387 179 268 270 312 337 325 238 271 153 151 149 144 234 317 166 235 264 258 240 369 171 184 205 193 183 205 163 251 248 212 163 130 193 52 21 0
wreck_ship_2 3 9 15 15 10 7 16 35 49 57 43 27 15 29 59 490 531 526 489 536 430 424 376 389 345 422 411 433 403 418 370 193 342 312 443 454 354 364 341 298 280 387 247 389 431 334 354 352 250 280 373 396 362 382 320 276 253 316 220 319 290 303 286 290 249 361 244 352 275 336 403 277 411 402 248 324 318 288 395 342 322 248 362 275 287 262 341 354 366 196 355 278 295 238 389 281 353 278 228 380 297 358 337 271 299 280 277 319 298 296 369 307 245 335 305 231 402 203 304 298 206 306 273 310 297 279 232 252 289 230 299 250 303 312 274 204 254 332 176 249 361 337 368 176 261 298 176 320 324 285 225 298 382 267 227 218 371 382 309 293 268 260 369 234 229 296 283 322 294 188 252 334 206 294 354 223 316 259 179 236 256 280 240 226 278 360 267 318 247 259 202 166 286 300 271 237 237 234 246 224 251 146 232 325 268 274 280 310 259 234 210 197 267 283 262 236 238 241 277 294 198 247 217 20 2
wreck_tank_1 427 399 310 323 308 249 277 241 242 198 344 355 300 320 297 301 263 210 255 238 132 161 152 139 180 173 146 136 115 133 107 124 116 123 91 85 140 126 102 100 107 103 83 98 102 115 121 120 96 79 129 76 65 88 105 75 85 58 85 62 40 80 51 62 50 52 36 48 42 51 63 39 52 47 34 42 38 35 45 50 31 35 34 27 29 29 34 26 32 24 32 24 17 33 22 19 18 20 27 25 20 21 19 18 15 16 15 16 20 13 12 14 13 12 11 12 11 12 8 8 8 8 6 9 8 7 6 6 6 6 5 4 4 4 3 3 4 3 3 3 3 3 2 2 2 2 2 2 2 2 2 2 2 2 2 1 1 1 1 1 1 1 1 0 0 0 0 0 0
wreck_tank_2 352 399 369 346 312 217 291 313 253 306 313 337 307 247 271 267 249 240 237 236 171 186 192 204 170 172 167 140 205 165 179 244 184 141 161 134 164 155 138 126 152 134 134 108 91 110 79 62 82 54 130 100 71 86 99 84 93 90 80 80 74 57 48 51 54 70 54 34 45 34 50 43 33 38 42 32 29 33 28 39 37 19 19 19 22 22 18 19 17 13 12 12 14 15 11 14 13 13 11 11 8 9 11 8 9 7 7 7 6 5 5 5 6 6 5 5 5 5 4 4 4 5 4 3 3 3 3 3 2 3 2 3 3 3 2 2 2 2 2 2 2 2 2 2 2 2 1 2 2 1 2 2 2 1 1 0 0
wreck_truck_1 387 348 333 325 300 254 316 241 250 229 297 303 201 230 292 290 262 203 233 228 190 156 172 197 216 239 218 182 167 180 146 194 176 210 181 129 197 180 195 214 158 210 247 208 214 141 240 168 134 128 157 125 132 192 242 155 226 171 117 118 125 122 118 120 88 111 109 113 103 109 113 84 88 116 88 91 81 92 94 107 88 96 77 69 69 56 79 72 59 53 63 60 45 64 47 40 46 56 48 44 42 41 33 32 35 33 39 29 37 38 29 29 21 18 25 17 19 23 25 19 17 23 21 12 15 15 13 12 12 10 12 11 11 8 7 8 7 7 5 4 5 6 4 4 4 4 3 3 2 3 3 2 2 2 2 1 2 1 1 1 1 1 1 1 1 1 1 1 1 0 0
wreck_truck_2 319 374 378 340 264 199 244 295 253 335 235 298 233 189 298 269 218 216 214 183 208 202 197 183 184 137 206 189 245 230 201 206 174 131 177 171 203 157 206 189 199 163 157 143 112 146 116 119 117 110 137 117 114 137 232 197 161 187 211 161 199 219 141 157 166 135 94 99 113 113 106 86 99 102 79 46 80 53 54 63 49 54 56 59 47 55 44 48 55 66 45 44 42 35 43 35 35 44 31 26 23 24 26 27 22 22 24 20 32 18 13 16 16 10 16 12 11 15 14 15 13 13 12 11 9 9 9 7 7 7 6 5 5 6 4 4 5 5 2 3 2 2 3 2 1 1 2 1 1 1 1 1 1 1 1 1 1 0 0 1 1 0 0
wreck_wheeled_1 324 320 349 210 311 309 260 262 262 281 248 193 146 212 173 147 165 127 135 118 115 93 97 91 73 93 64 74 71 72 63 52 62 72 94 116 66 76 83 58 68 63 52 60 63 45 41 36 40 34 27 33 31 29 39 43 34 23 25 18 23 21 18 19 23 32 24 21 19 16 18 17 17 12 12 9 14 10 12 9 6 5 12 9 7 6 3 3 4 5 3 3 3 3 2 2 3 2 2 1 1 1 1 1 1 1 1 1 1 0 0 0
wreck_wheeled_2 314 313 277 324 290 221 210 149 183 176 202 196 212 224 159 134 175 126 138 134 139 121 159 125 102 126 122 113 89 100 109 120 83 60 59 62 49 44 43 45 36 40 47 50 37 30 29 21 28 33 30 28 34 27 33 28 20 21 16 16 14 16 18 20 17 18 11 14 11 8 7 11 9 9 8 9 6 6 6 5 4 5 6 4 3 3 3 2 2 2 1 1 2 2 1 2 1 1 1 1 1 1 1 1 0 1 0 0 0
